results/errorbands/sed_fermi.ecsv
# %ECSV 0.9
# ---
# datatype:
# - {name: energy, unit: TeV, datatype: float64, format: 3g}
# - {name: dnde_mean, unit: 1 / (cm2 s TeV), datatype: float64, format: 3g}
# - {name: dnde_median, unit: 1 / (cm2 s TeV), datatype: float64, format: 3g}
# - {name: dnde_lo, unit: 1 / (cm2 s TeV), datatype: float64, format: 3g}
# - {name: dnde_hi, unit: 1 / (cm2 s TeV), datatype: float64, format: 3g}
# - {name: dnde_fit, unit: 1 / (cm2 s TeV), datatype: float64, format: 3g}
# - {name: e2dnde_fit, unit: erg / (cm2 s), datatype: float64, format: 3g}
# - {name: e2dnde_mean, unit: erg / (cm2 s), datatype: float64, format: 3g}
# - {name: e2dnde_median, unit: erg / (cm2 s), datatype: float64, format: 3g}
# - {name: e2dnde_lo, unit: erg / (cm2 s), datatype: float64, format: 3g}
# - {name: e2dnde_hi, unit: erg / (cm2 s), datatype: float64, format: 3g}
# schema: astropy-2.0
energy dnde_mean dnde_median dnde_lo dnde_hi dnde_fit e2dnde_fit e2dnde_mean e2dnde_median e2dnde_lo e2dnde_hi
0.01 6.59592e-07 6.22283e-07 4.53419e-07 8.82375e-07 6.36369e-07 1.01957e-10 1.05678e-10 9.97007e-11 7.26457e-11 1.41372e-10
0.0112202 5.28654e-07 5.04064e-07 3.75976e-07 6.88239e-07 5.15345e-07 1.03946e-10 1.06631e-10 1.01671e-10 7.58352e-11 1.38819e-10
0.0125893 4.23589e-07 4.07546e-07 3.11996e-07 5.38843e-07 4.16682e-07 1.05807e-10 1.07561e-10 1.03487e-10 7.92246e-11 1.36827e-10
0.0141254 3.3927e-07 3.30088e-07 2.59131e-07 4.20809e-07 3.36378e-07 1.07532e-10 1.08457e-10 1.05521e-10 8.2838e-11 1.34523e-10
0.0158489 2.71599e-07 2.66926e-07 2.14491e-07 3.29203e-07 2.71125e-07 1.09114e-10 1.09305e-10 1.07424e-10 8.63214e-11 1.32487e-10
0.0177828 2.17293e-07 2.14569e-07 1.76299e-07 2.57879e-07 2.18186e-07 1.10545e-10 1.10092e-10 1.08712e-10 8.93226e-11 1.30655e-10
0.0199526 1.73723e-07 1.72484e-07 1.45517e-07 2.01091e-07 1.75309e-07 1.11819e-10 1.10807e-10 1.10017e-10 9.28162e-11 1.28264e-10
0.0223872 1.38778e-07 1.37948e-07 1.19195e-07 1.57937e-07 1.40636e-07 1.12929e-10 1.11438e-10 1.10771e-10 9.57121e-11 1.26822e-10
0.0251189 1.10764e-07 1.10716e-07 9.71186e-08 1.24466e-07 1.12644e-07 1.13872e-10 1.11972e-10 1.11924e-10 9.81777e-11 1.25823e-10
0.0281838 8.8319e-08 8.83639e-08 7.89597e-08 9.76667e-08 9.00814e-08 1.14642e-10 1.12399e-10 1.12457e-10 1.00488e-10 1.24296e-10
0.0316228 7.03482e-08 7.0733e-08 6.40993e-08 7.67057e-08 7.1925e-08 1.15237e-10 1.1271e-10 1.13327e-10 1.02698e-10 1.22896e-10
0.0354813 5.59711e-08 5.62163e-08 5.16838e-08 6.02205e-08 5.7338e-08 1.15652e-10 1.12895e-10 1.1339e-10 1.04247e-10 1.21466e-10
0.0398107 4.44794e-08 4.47697e-08 4.14888e-08 4.73622e-08 4.56375e-08 1.15886e-10 1.12946e-10 1.13683e-10 1.05352e-10 1.20266e-10
0.0446684 3.53029e-08 3.55199e-08 3.33158e-08 3.74051e-08 3.62676e-08 1.15939e-10 1.12855e-10 1.13549e-10 1.06503e-10 1.19575e-10
0.0501187 2.79831e-08 2.82022e-08 2.65257e-08 2.95939e-08 2.87762e-08 1.1581e-10 1.12618e-10 1.13499e-10 1.06752e-10 1.191e-10
0.0562341 2.2151e-08 2.23188e-08 2.10153e-08 2.3296e-08 2.27964e-08 1.15498e-10 1.12229e-10 1.13079e-10 1.06475e-10 1.1803e-10
0.0630957 1.75099e-08 1.76274e-08 1.65897e-08 1.84198e-08 1.80308e-08 1.15007e-10 1.11685e-10 1.12434e-10 1.05815e-10 1.17488e-10
0.0707946 1.38214e-08 1.3895e-08 1.30507e-08 1.45904e-08 1.42391e-08 1.14338e-10 1.10984e-10 1.11575e-10 1.04796e-10 1.17159e-10
0.0794328 1.08938e-08 1.09726e-08 1.02385e-08 1.15482e-08 1.1227e-08 1.13495e-10 1.10126e-10 1.10922e-10 1.03501e-10 1.16741e-10
0.0891251 8.5736e-09 8.6297e-09 8.06204e-09 9.12196e-09 8.83824e-09 1.1248e-10 1.09112e-10 1.09826e-10 1.02602e-10 1.16091e-10
0.1 6.73734e-09 6.77956e-09 6.30803e-09 7.20913e-09 6.94679e-09 1.113e-10 1.07944e-10 1.0862e-10 1.01066e-10 1.15503e-10
0.112202 5.2863e-09 5.31642e-09 4.92742e-09 5.67781e-09 5.45155e-09 1.09959e-10 1.06626e-10 1.07233e-10 9.93871e-11 1.14523e-10
0.125893 4.14142e-09 4.16046e-09 3.85078e-09 4.46159e-09 4.27143e-09 1.08463e-10 1.05162e-10 1.05646e-10 9.77821e-11 1.13292e-10
0.141254 3.23951e-09 3.25437e-09 3.00704e-09 3.49421e-09 3.34152e-09 1.0682e-10 1.03559e-10 1.04034e-10 9.6128e-11 1.11702e-10
0.158489 2.53014e-09 2.53986e-09 2.3358e-09 2.72945e-09 2.60995e-09 1.05037e-10 1.01825e-10 1.02216e-10 9.40041e-11 1.09846e-10
0.177828 1.9731e-09 1.98029e-09 1.82389e-09 2.13429e-09 2.03534e-09 1.03121e-10 9.99677e-11 1.00332e-10 9.24077e-11 1.08134e-10
0.199526 1.53639e-09 1.54108e-09 1.41893e-09 1.66975e-09 1.58474e-09 1.01081e-10 9.79965e-11 9.82959e-11 9.05045e-11 1.06503e-10
0.223872 1.19456e-09 1.19723e-09 1.10069e-09 1.30088e-09 1.23197e-09 9.89257e-11 9.59217e-11 9.61366e-11 8.83847e-11 1.04459e-10
0.251189 9.27428e-10 9.28643e-10 8.5445e-10 1.0126e-09 9.56215e-10 9.66643e-11 9.37542e-11 9.3877e-11 8.63768e-11 1.02365e-10
0.281838 7.19012e-10 7.20653e-10 6.60795e-10 7.87198e-10 7.4102e-10 9.43062e-11 9.15053e-11 9.17142e-11 8.40963e-11 1.00183e-10
0.316228 5.56661e-10 5.58841e-10 5.1087e-10 6.12882e-10 5.73353e-10 9.18612e-11 8.9187e-11 8.95362e-11 8.18504e-11 9.81945e-11
0.354813 4.30393e-10 4.33332e-10 3.90751e-10 4.75388e-10 4.42926e-10 8.9339e-11 8.68111e-11 8.74039e-11 7.88152e-11 9.58868e-11
0.398107 3.32338e-10 3.3542e-10 2.99988e-10 3.69407e-10 3.41631e-10 8.67496e-11 8.43899e-11 8.51724e-11 7.61754e-11 9.38028e-11
0.446684 2.56307e-10 2.58314e-10 2.28798e-10 2.86609e-10 2.63088e-10 8.4103e-11 8.19353e-11 8.25769e-11 7.31411e-11 9.16221e-11
0.501187 1.97439e-10 1.98087e-10 1.73254e-10 2.24013e-10 2.02284e-10 8.1409e-11 7.94592e-11 7.97199e-11 6.9726e-11 9.01536e-11
0.562341 1.51925e-10 1.52039e-10 1.3134e-10 1.74642e-10 1.55289e-10 7.86775e-11 7.69733e-11 7.70311e-11 6.65436e-11 8.84828e-11
0.630957 1.16783e-10 1.17476e-10 9.94579e-11 1.36919e-10 1.19024e-10 7.59183e-11 7.44888e-11 7.49306e-11 6.3438e-11 8.73321e-11
0.707946 8.96852e-11 9.02189e-11 7.45528e-11 1.06478e-10 9.10855e-11 7.31407e-11 7.20164e-11 7.24449e-11 5.98652e-11 8.55008e-11
0.794328 6.88157e-11 6.93574e-11 5.53833e-11 8.2358e-11 6.95952e-11 7.03542e-11 6.95661e-11 7.01137e-11 5.59873e-11 8.32561e-11
0.891251 5.27618e-11 5.26722e-11 4.13867e-11 6.4682e-11 5.30918e-11 6.75674e-11 6.71476e-11 6.70335e-11 5.2671e-11 8.23178e-11
1 4.04259e-11 4.03311e-11 3.08471e-11 5.08e-11 4.04382e-11 6.47892e-11 6.47695e-11 6.46175e-11 4.94224e-11 8.13906e-11
1.12202 3.09565e-11 3.07604e-11 2.28336e-11 3.94268e-11 3.07521e-11 6.20276e-11 6.24399e-11 6.20443e-11 4.60558e-11 7.95247e-11
1.25893 2.36942e-11 2.3536e-11 1.69626e-11 3.06551e-11 2.33493e-11 5.92904e-11 6.01662e-11 5.97646e-11 4.30729e-11 7.78417e-11
1.41254 1.81293e-11 1.79415e-11 1.24598e-11 2.39394e-11 1.77007e-11 5.6585e-11 5.79549e-11 5.73548e-11 3.9831e-11 7.65284e-11
1.58489 1.38681e-11 1.36043e-11 9.11815e-12 1.88423e-11 1.33976e-11 5.39183e-11 5.58118e-11 5.47503e-11 3.66959e-11 7.58306e-11
1.77828 1.06072e-11 1.02862e-11 6.65336e-12 1.46858e-11 1.01246e-11 5.12965e-11 5.37418e-11 5.21152e-11 3.37094e-11 7.44061e-11
1.99526 8.11324e-12 7.77235e-12 4.85718e-12 1.14708e-11 7.63917e-12 4.87255e-11 5.17493e-11 4.9575e-11 3.09809e-11 7.31652e-11
2.23872 6.20654e-12 5.8209e-12 3.5639e-12 8.95093e-12 5.75483e-12 4.62107e-11 4.98379e-11 4.67413e-11 2.86177e-11 7.18752e-11
2.51189 4.74927e-12 4.37494e-12 2.59024e-12 6.96792e-12 4.32849e-12 4.37569e-11 4.80106e-11 4.42265e-11 2.61849e-11 7.04391e-11
2.81838 3.63569e-12 3.2909e-12 1.86675e-12 5.40366e-12 3.25055e-12 4.13683e-11 4.62697e-11 4.18818e-11 2.37572e-11 6.877e-11
3.16228 2.78478e-12 2.46837e-12 1.35045e-12 4.22422e-12 2.43722e-12 3.90486e-11 4.4617e-11 3.95476e-11 2.16365e-11 6.76794e-11
3.54813 2.13453e-12 1.84831e-12 9.78278e-13 3.32059e-12 1.82453e-12 3.68012e-11 4.30539e-11 3.72807e-11 1.97321e-11 6.69769e-11
3.98107 1.63752e-12 1.38312e-12 7.03638e-13 2.58786e-12 1.36372e-12 3.46286e-11 4.15813e-11 3.51214e-11 1.78673e-11 6.5713e-11
4.46684 1.25751e-12 1.03085e-12 5.03203e-13 2.01078e-12 1.01769e-12 3.25331e-11 4.01996e-11 3.29539e-11 1.60862e-11 6.42799e-11
5.01187 9.66812e-13 7.67579e-13 3.59144e-13 1.56116e-12 7.58267e-13 3.05163e-11 3.89092e-11 3.08911e-11 1.44537e-11 6.28286e-11
5.62341 7.44297e-13 5.71758e-13 2.54788e-13 1.21219e-12 5.64088e-13 2.85797e-11 3.771e-11 2.89683e-11 1.29089e-11 6.14161e-11
6.30957 5.73842e-13 4.25665e-13 1.80553e-13 9.44282e-13 4.18976e-13 2.67239e-11 3.66018e-11 2.71505e-11 1.15164e-11 6.02299e-11
7.07946 4.43148e-13 3.16068e-13 1.27743e-13 7.33803e-13 3.10706e-13 2.49494e-11 3.55844e-11 2.538e-11 1.02577e-11 5.89237e-11
7.94328 3.42834e-13 2.33951e-13 8.9747e-14 5.74013e-13 2.30052e-13 2.32561e-11 3.46573e-11 2.36502e-11 9.07257e-12 5.80273e-11
8.91251 2.65746e-13 1.72422e-13 6.2297e-14 4.47661e-13 1.70067e-13 2.16437e-11 3.38203e-11 2.19433e-11 7.92825e-12 5.69718e-11
10 2.06427e-13 1.27068e-13 4.33278e-14 3.47503e-13 1.25525e-13 2.01114e-11 3.30732e-11 2.03585e-11 6.94188e-12 5.56762e-11
11.2202 1.60711e-13 9.35909e-14 3.01339e-14 2.68051e-13 9.25041e-14 1.86583e-11 3.24158e-11 1.88775e-11 6.07807e-12 5.40665e-11
12.5893 1.25422e-13 6.89345e-14 2.09244e-14 2.06528e-13 6.80624e-14 1.72829e-11 3.18482e-11 1.75044e-11 5.31328e-12 5.24432e-11
14.1254 9.81332e-14 5.08206e-14 1.45075e-14 1.60027e-13 5.00001e-14 1.59838e-11 3.13709e-11 1.62461e-11 4.63771e-12 5.11567e-11
15.8489 7.69897e-14 3.74129e-14 1.00394e-14 1.24133e-13 3.66734e-14 1.47592e-11 3.09844e-11 1.50568e-11 4.04035e-12 4.99573e-11
17.7828 6.0574e-14 2.75828e-14 6.94312e-15 9.61434e-14 2.68565e-14 1.36069e-11 3.069e-11 1.39749e-11 3.51775e-12 4.87113e-11
19.9526 4.78008e-14 2.005e-14 4.79375e-15 7.49129e-14 1.96366e-14 1.25249e-11 3.04892e-11 1.27887e-11 3.05763e-12 4.77823e-11
22.3872 3.78387e-14 1.45954e-14 3.29671e-15 5.85809e-14 1.4335e-14 1.15109e-11 3.03841e-11 1.17199e-11 2.64723e-12 4.70399e-11
25.1189 3.00499e-14 1.06135e-14 2.25985e-15 4.54637e-14 1.04484e-14 1.05623e-11 3.03776e-11 1.07293e-11 2.28449e-12 4.59595e-11
28.1838 2.39445e-14 7.74592e-15 1.54282e-15 3.51269e-14 7.60355e-15 9.67669e-12 3.04731e-11 9.85787e-12 1.96348e-12 4.47044e-11
31.6228 1.91458e-14 5.6324e-15 1.04946e-15 2.71613e-14 5.52461e-15 8.85139e-12 3.0675e-11 9.0241e-12 1.68142e-12 4.35172e-11
35.4813 1.53635e-14 4.05734e-15 7.15709e-16 2.10164e-14 4.00778e-15 8.08377e-12 3.09885e-11 8.18374e-12 1.4436e-12 4.23904e-11
39.8107 1.23736e-14 2.91984e-15 4.84833e-16 1.63945e-14 2.90284e-15 7.37112e-12 3.14201e-11 7.4143e-12 1.23113e-12 4.16301e-11
44.6684 1.0003e-14 2.11081e-15 3.27605e-16 1.2842e-14 2.09923e-15 6.71074e-12 3.19773e-11 6.74776e-12 1.04727e-12 4.10529e-11
50.1187 8.1176e-15 1.51807e-15 2.20989e-16 1.00218e-14 1.5157e-15 6.09993e-12 3.26692e-11 6.10945e-12 8.89366e-13 4.03326e-11
56.2341 6.61326e-15 1.09212e-15 1.49599e-16 7.83063e-15 1.09266e-15 5.536e-12 3.35063e-11 5.53327e-12 7.57945e-13 3.96741e-11
63.0957 5.40908e-15 7.90176e-16 1.0101e-16 6.10485e-15 7.86457e-16 5.01632e-12 3.45012e-11 5.04004e-12 6.44277e-13 3.8939e-11
70.7946 4.44194e-15 5.70531e-16 6.77751e-17 4.70373e-15 5.65172e-16 4.53828e-12 3.56684e-11 4.58131e-12 5.44227e-13 3.77705e-11
79.4328 3.66255e-15 4.05922e-16 4.49283e-17 3.64144e-15 4.05513e-16 4.09935e-12 3.70249e-11 4.10348e-12 4.54183e-13 3.68115e-11
89.1251 3.0323e-15 2.91455e-16 2.96891e-17 2.84677e-15 2.905e-16 3.69705e-12 3.85907e-11 3.70921e-12 3.7784e-13 3.62296e-11
100 2.52088e-15 2.08954e-16 1.95601e-17 2.2291e-15 2.0778e-16 3.329e-12 4.03889e-11 3.34781e-12 3.13387e-13 3.57141e-11
