results/errorbands/sed_joint.ecsv
# %ECSV 0.9
# ---
# datatype:
# - {name: energy, unit: TeV, datatype: float64, format: 3g}
# - {name: dnde_mean, unit: 1 / (cm2 s TeV), datatype: float64, format: 3g}
# - {name: dnde_median, unit: 1 / (cm2 s TeV), datatype: float64, format: 3g}
# - {name: dnde_lo, unit: 1 / (cm2 s TeV), datatype: float64, format: 3g}
# - {name: dnde_hi, unit: 1 / (cm2 s TeV), datatype: float64, format: 3g}
# - {name: dnde_fit, unit: 1 / (cm2 s TeV), datatype: float64, format: 3g}
# - {name: e2dnde_fit, unit: erg / (cm2 s), datatype: float64, format: 3g}
# - {name: e2dnde_mean, unit: erg / (cm2 s), datatype: float64, format: 3g}
# - {name: e2dnde_median, unit: erg / (cm2 s), datatype: float64, format: 3g}
# - {name: e2dnde_lo, unit: erg / (cm2 s), datatype: float64, format: 3g}
# - {name: e2dnde_hi, unit: erg / (cm2 s), datatype: float64, format: 3g}
# schema: astropy-2.0
energy dnde_mean dnde_median dnde_lo dnde_hi dnde_fit e2dnde_fit e2dnde_mean e2dnde_median e2dnde_lo e2dnde_hi
0.01 4.52811e-07 4.54344e-07 3.90134e-07 5.07107e-07 4.47989e-07 7.17757e-11 7.25483e-11 7.2794e-11 6.25064e-11 8.12475e-11
0.0112202 3.77391e-07 3.79543e-07 3.28815e-07 4.18564e-07 3.73809e-07 7.53981e-11 7.61206e-11 7.65546e-11 6.63227e-11 8.44252e-11
0.0125893 3.13712e-07 3.15746e-07 2.75994e-07 3.4588e-07 3.11065e-07 7.89882e-11 7.96602e-11 8.01766e-11 7.00825e-11 8.78285e-11
0.0141254 2.60095e-07 2.61814e-07 2.31425e-07 2.84883e-07 2.5815e-07 8.25245e-11 8.31461e-11 8.36957e-11 7.39811e-11 9.10702e-11
0.0158489 2.15075e-07 2.16566e-07 1.92785e-07 2.34446e-07 2.13655e-07 8.5985e-11 8.65567e-11 8.71566e-11 7.75859e-11 9.43525e-11
0.0177828 1.7738e-07 1.78556e-07 1.60279e-07 1.92696e-07 1.76348e-07 8.93473e-11 8.98702e-11 9.0466e-11 8.12056e-11 9.763e-11
0.0199526 1.45906e-07 1.46787e-07 1.32846e-07 1.57788e-07 1.45161e-07 9.25889e-11 9.30644e-11 9.36263e-11 8.47342e-11 1.00643e-10
0.0223872 1.19699e-07 1.20197e-07 1.0993e-07 1.28588e-07 1.19164e-07 9.56876e-11 9.61174e-11 9.6517e-11 8.82728e-11 1.03255e-10
0.0251189 9.79395e-08 9.83047e-08 9.05321e-08 1.04626e-07 9.75575e-08 9.86214e-11 9.90075e-11 9.93767e-11 9.15193e-11 1.05767e-10
0.0281838 7.99226e-08 8.01789e-08 7.45012e-08 8.50753e-08 7.96518e-08 1.01369e-10 1.01714e-10 1.0204e-10 9.48142e-11 1.08271e-10
0.0316228 6.50466e-08 6.51915e-08 6.1024e-08 6.89107e-08 6.48558e-08 1.0391e-10 1.04216e-10 1.04448e-10 9.77711e-11 1.10407e-10
0.0354813 5.27984e-08 5.28894e-08 4.96863e-08 5.57378e-08 5.26649e-08 1.06226e-10 1.06496e-10 1.06679e-10 1.00218e-10 1.12424e-10
0.0398107 4.27421e-08 4.27453e-08 4.04645e-08 4.49252e-08 4.26494e-08 1.08299e-10 1.08534e-10 1.08542e-10 1.02751e-10 1.14078e-10
0.0446684 3.45087e-08 3.45133e-08 3.27908e-08 3.61945e-08 3.44447e-08 1.10112e-10 1.10316e-10 1.10331e-10 1.04825e-10 1.15705e-10
0.0501187 2.77866e-08 2.78015e-08 2.65154e-08 2.90202e-08 2.77429e-08 1.11651e-10 1.11827e-10 1.11887e-10 1.06711e-10 1.16791e-10
0.0562341 2.23139e-08 2.23381e-08 2.13794e-08 2.325e-08 2.22844e-08 1.12904e-10 1.13054e-10 1.13177e-10 1.08319e-10 1.17797e-10
0.0630957 1.78709e-08 1.78934e-08 1.71659e-08 1.85873e-08 1.78512e-08 1.13862e-10 1.13988e-10 1.14131e-10 1.09491e-10 1.18557e-10
0.0707946 1.42741e-08 1.42787e-08 1.37621e-08 1.47893e-08 1.42611e-08 1.14515e-10 1.1462e-10 1.14657e-10 1.10508e-10 1.18757e-10
0.0794328 1.13705e-08 1.13636e-08 1.09936e-08 1.17501e-08 1.13621e-08 1.1486e-10 1.14945e-10 1.14875e-10 1.11135e-10 1.18783e-10
0.0891251 9.03308e-09 9.03127e-09 8.74455e-09 9.31262e-09 9.02781e-09 1.14893e-10 1.1496e-10 1.14937e-10 1.11288e-10 1.18517e-10
0.1 7.1568e-09 7.15206e-09 6.93808e-09 7.37536e-09 7.15361e-09 1.14613e-10 1.14665e-10 1.14589e-10 1.1116e-10 1.18166e-10
0.112202 5.65491e-09 5.65107e-09 5.48345e-09 5.83463e-09 5.65311e-09 1.14024e-10 1.14061e-10 1.13983e-10 1.10602e-10 1.17686e-10
0.125893 4.45611e-09 4.45634e-09 4.32054e-09 4.59806e-09 4.45521e-09 1.1313e-10 1.13153e-10 1.13159e-10 1.09711e-10 1.16758e-10
0.141254 3.50194e-09 3.50049e-09 3.40071e-09 3.60919e-09 3.50161e-09 1.11938e-10 1.11949e-10 1.11902e-10 1.08713e-10 1.15377e-10
0.158489 2.74463e-09 2.74369e-09 2.66588e-09 2.8277e-09 2.74465e-09 1.10458e-10 1.10457e-10 1.1042e-10 1.07288e-10 1.13801e-10
0.177828 2.14525e-09 2.14541e-09 2.07925e-09 2.21259e-09 2.14548e-09 1.08701e-10 1.0869e-10 1.08698e-10 1.05346e-10 1.12101e-10
0.199526 1.67222e-09 1.67284e-09 1.62086e-09 1.72466e-09 1.67256e-09 1.06682e-10 1.0666e-10 1.067e-10 1.03384e-10 1.10005e-10
0.223872 1.29995e-09 1.30056e-09 1.25948e-09 1.33998e-09 1.30034e-09 1.04416e-10 1.04385e-10 1.04434e-10 1.01135e-10 1.07599e-10
0.251189 1.00781e-09 1.00872e-09 9.76169e-10 1.0382e-09 1.00821e-09 1.0192e-10 1.0188e-10 1.01972e-10 9.86814e-11 1.04952e-10
0.281838 7.79203e-10 7.8018e-10 7.5502e-10 8.02628e-10 7.79586e-10 9.92143e-11 9.91656e-11 9.929e-11 9.60879e-11 1.02147e-10
0.316228 6.00814e-10 6.01526e-10 5.8227e-10 6.18895e-10 6.01169e-10 9.63179e-11 9.62609e-11 9.63752e-11 9.32899e-11 9.9158e-11
0.354813 4.62005e-10 4.62704e-10 4.48002e-10 4.75933e-10 4.62325e-10 9.3252e-11 9.31873e-11 9.33284e-11 9.0363e-11 9.59967e-11
0.398107 3.543e-10 3.54868e-10 3.43644e-10 3.64896e-10 3.54583e-10 9.00385e-11 8.99666e-11 9.01108e-11 8.72607e-11 9.26572e-11
0.446684 2.70965e-10 2.71503e-10 2.62464e-10 2.78805e-10 2.71211e-10 8.66997e-11 8.66211e-11 8.6793e-11 8.39034e-11 8.91273e-11
0.501187 2.06668e-10 2.0692e-10 2.00201e-10 2.1298e-10 2.06879e-10 8.3258e-11 8.31732e-11 8.32745e-11 8.05705e-11 8.57136e-11
0.562341 1.57199e-10 1.57474e-10 1.52429e-10 1.61885e-10 1.57377e-10 7.97357e-11 7.96454e-11 7.97847e-11 7.72284e-11 8.20195e-11
0.630957 1.19247e-10 1.19494e-10 1.15712e-10 1.22813e-10 1.19396e-10 7.61551e-11 7.60601e-11 7.62177e-11 7.38052e-11 7.83345e-11
0.707946 9.02112e-11 9.03623e-11 8.74917e-11 9.28972e-11 9.03345e-11 7.25377e-11 7.24388e-11 7.25601e-11 7.0255e-11 7.45956e-11
0.794328 6.80603e-11 6.812e-11 6.60217e-11 7.00633e-11 6.81613e-11 6.89046e-11 6.88025e-11 6.88628e-11 6.67416e-11 7.08273e-11
0.891251 5.12091e-11 5.12524e-11 4.96665e-11 5.27069e-11 5.12909e-11 6.52756e-11 6.51714e-11 6.52265e-11 6.32083e-11 6.70776e-11
1 3.84255e-11 3.84608e-11 3.72386e-11 3.95524e-11 3.84913e-11 6.16698e-11 6.15645e-11 6.16211e-11 5.96627e-11 6.337e-11
1.12202 2.8755e-11 2.87621e-11 2.78591e-11 2.96107e-11 2.88073e-11 5.8105e-11 5.79995e-11 5.80137e-11 5.61924e-11 5.97254e-11
1.25893 2.146e-11 2.14543e-11 2.07989e-11 2.21367e-11 2.15012e-11 5.45976e-11 5.4493e-11 5.44786e-11 5.28142e-11 5.62112e-11
1.41254 1.59723e-11 1.59686e-11 1.54806e-11 1.64841e-11 1.60045e-11 5.11625e-11 5.10598e-11 5.10477e-11 4.94876e-11 5.26959e-11
1.58489 1.18558e-11 1.18419e-11 1.14883e-11 1.22499e-11 1.18806e-11 4.78134e-11 4.77136e-11 4.76576e-11 4.62346e-11 4.92996e-11
1.77828 8.77646e-12 8.768e-12 8.49292e-12 9.07221e-12 8.7954e-12 4.45622e-11 4.44662e-11 4.44233e-11 4.30296e-11 4.59646e-11
1.99526 6.47938e-12 6.47049e-12 6.26304e-12 6.71179e-12 6.49369e-12 4.14192e-11 4.13279e-11 4.12713e-11 3.9948e-11 4.28103e-11
2.23872 4.77062e-12 4.76058e-12 4.6052e-12 4.94942e-12 4.7813e-12 3.83934e-11 3.83077e-11 3.8227e-11 3.69793e-11 3.97434e-11
2.51189 3.50305e-12 3.49672e-12 3.36992e-12 3.64292e-12 3.51091e-12 3.54919e-11 3.54125e-11 3.53485e-11 3.40667e-11 3.68264e-11
2.81838 2.56536e-12 2.55991e-12 2.45678e-12 2.6789e-12 2.57106e-12 3.27207e-11 3.26481e-11 3.25789e-11 3.12664e-11 3.40931e-11
3.16228 1.87362e-12 1.871e-12 1.78706e-12 1.96517e-12 1.87769e-12 3.00838e-11 3.00188e-11 2.99768e-11 2.86318e-11 3.14855e-11
3.54813 1.36474e-12 1.36539e-12 1.29494e-12 1.43623e-12 1.36758e-12 2.75844e-11 2.75271e-11 2.75403e-11 2.61192e-11 2.89691e-11
3.98107 9.91414e-13 9.89984e-13 9.36675e-13 1.04777e-12 9.9335e-13 2.52239e-11 2.51748e-11 2.51385e-11 2.37848e-11 2.66058e-11
4.46684 7.18286e-13 7.17554e-13 6.75849e-13 7.61013e-13 7.19566e-13 2.30028e-11 2.29619e-11 2.29385e-11 2.16053e-11 2.43278e-11
5.01187 5.19015e-13 5.18143e-13 4.8587e-13 5.52385e-13 5.19826e-13 2.09203e-11 2.08877e-11 2.08526e-11 1.95538e-11 2.22306e-11
5.62341 3.74029e-13 3.72903e-13 3.48247e-13 3.99716e-13 3.7451e-13 1.89747e-11 1.89503e-11 1.88932e-11 1.76441e-11 2.02517e-11
6.30957 2.68828e-13 2.67533e-13 2.48537e-13 2.88913e-13 2.69085e-13 1.71632e-11 1.71469e-11 1.70643e-11 1.58526e-11 1.8428e-11
7.07946 1.92704e-13 1.91632e-13 1.77267e-13 2.08565e-13 1.92811e-13 1.54826e-11 1.5474e-11 1.53879e-11 1.42343e-11 1.67476e-11
7.94328 1.37771e-13 1.37011e-13 1.25578e-13 1.50382e-13 1.37783e-13 1.39286e-11 1.39273e-11 1.38505e-11 1.26948e-11 1.52022e-11
8.91251 9.82369e-14 9.76354e-14 8.87689e-14 1.08094e-13 9.81923e-14 1.24965e-11 1.25022e-11 1.24256e-11 1.12972e-11 1.37567e-11
10 6.9863e-14 6.93939e-14 6.27372e-14 7.74334e-14 6.97876e-14 1.11812e-11 1.11933e-11 1.11181e-11 1.00516e-11 1.24062e-11
11.2202 4.95538e-14 4.92034e-14 4.39961e-14 5.53161e-14 4.9465e-14 9.97719e-12 9.99511e-12 9.92443e-12 8.87411e-12 1.11574e-11
12.5893 3.50564e-14 3.4783e-14 3.09317e-14 3.93638e-14 3.49653e-14 8.87865e-12 8.9018e-12 8.83238e-12 7.85442e-12 9.99556e-12
14.1254 2.47355e-14 2.44881e-14 2.16463e-14 2.79817e-14 2.46487e-14 7.87961e-12 7.90736e-12 7.82826e-12 6.91979e-12 8.94507e-12
15.8489 1.74077e-14 1.72373e-14 1.50904e-14 1.98376e-14 1.73289e-14 6.97399e-12 7.0057e-12 6.93711e-12 6.07311e-12 7.9836e-12
17.7828 1.22189e-14 1.20889e-14 1.0506e-14 1.40171e-14 1.21497e-14 6.15569e-12 6.19072e-12 6.12488e-12 5.32289e-12 7.10181e-12
19.9526 8.55447e-15 8.46294e-15 7.28437e-15 9.8778e-15 8.49534e-15 5.41865e-12 5.45637e-12 5.39799e-12 4.64625e-12 6.30044e-12
22.3872 5.97354e-15 5.89027e-15 5.03114e-15 6.94328e-15 5.92399e-15 4.75691e-12 4.7967e-12 4.72983e-12 4.03996e-12 5.57538e-12
25.1189 4.16055e-15 4.09635e-15 3.46377e-15 4.87295e-15 4.11971e-15 4.16464e-12 4.20592e-12 4.14102e-12 3.50155e-12 4.92609e-12
28.1838 2.89037e-15 2.84641e-15 2.38621e-15 3.40651e-15 2.85718e-15 3.6362e-12 3.67844e-12 3.62249e-12 3.03682e-12 4.3353e-12
31.6228 2.00282e-15 1.9716e-15 1.63528e-15 2.37651e-15 1.97619e-15 3.1662e-12 3.20887e-12 3.15886e-12 2.62001e-12 3.80759e-12
35.4813 1.38427e-15 1.35603e-15 1.11915e-15 1.65369e-15 1.36313e-15 2.74946e-12 2.79211e-12 2.73515e-12 2.25735e-12 3.33553e-12
39.8107 9.54326e-16 9.32973e-16 7.60715e-16 1.14983e-15 9.37704e-16 2.38109e-12 2.4233e-12 2.36908e-12 1.93167e-12 2.91975e-12
44.6684 6.56252e-16 6.40158e-16 5.14558e-16 7.98164e-16 6.43299e-16 2.05647e-12 2.09788e-12 2.04643e-12 1.64492e-12 2.55154e-12
50.1187 4.50139e-16 4.37835e-16 3.47396e-16 5.53169e-16 4.40128e-16 1.77129e-12 1.81158e-12 1.76206e-12 1.39809e-12 2.22622e-12
56.2341 3.07986e-16 2.98577e-16 2.34004e-16 3.82674e-16 3.00306e-16 1.52151e-12 1.56042e-12 1.51275e-12 1.18559e-12 1.93883e-12
63.0957 2.10197e-16 2.02928e-16 1.57525e-16 2.63442e-16 2.04347e-16 1.3034e-12 1.34071e-12 1.29435e-12 1.00476e-12 1.68034e-12
70.7946 1.43099e-16 1.375e-16 1.0573e-16 1.80877e-16 1.38673e-16 1.11353e-12 1.14907e-12 1.10411e-12 8.49004e-13 1.45242e-12
79.4328 9.7178e-17 9.2999e-17 7.07063e-17 1.24006e-16 9.38496e-17 9.4873e-13 9.82378e-13 9.40131e-13 7.14774e-13 1.25358e-12
89.1251 6.58301e-17 6.27951e-17 4.7099e-17 8.51691e-17 6.33422e-17 8.06127e-13 8.37789e-13 7.99164e-13 5.99407e-13 1.08391e-12
100 4.44847e-17 4.22807e-17 3.12134e-17 5.78716e-17 4.26356e-17 6.83098e-13 7.12723e-13 6.77412e-13 5.00094e-13 9.27206e-13
