results/errorbands/sed_magic.ecsv
# %ECSV 0.9
# ---
# datatype:
# - {name: energy, unit: TeV, datatype: float64, format: 3g}
# - {name: dnde_mean, unit: 1 / (cm2 s TeV), datatype: float64, format: 3g}
# - {name: dnde_median, unit: 1 / (cm2 s TeV), datatype: float64, format: 3g}
# - {name: dnde_lo, unit: 1 / (cm2 s TeV), datatype: float64, format: 3g}
# - {name: dnde_hi, unit: 1 / (cm2 s TeV), datatype: float64, format: 3g}
# - {name: dnde_fit, unit: 1 / (cm2 s TeV), datatype: float64, format: 3g}
# - {name: e2dnde_fit, unit: erg / (cm2 s), datatype: float64, format: 3g}
# - {name: e2dnde_mean, unit: erg / (cm2 s), datatype: float64, format: 3g}
# - {name: e2dnde_median, unit: erg / (cm2 s), datatype: float64, format: 3g}
# - {name: e2dnde_lo, unit: erg / (cm2 s), datatype: float64, format: 3g}
# - {name: e2dnde_hi, unit: erg / (cm2 s), datatype: float64, format: 3g}
# schema: astropy-2.0
energy dnde_mean dnde_median dnde_lo dnde_hi dnde_fit e2dnde_fit e2dnde_mean e2dnde_median e2dnde_lo e2dnde_hi
0.01 1.42274e-07 1.10295e-07 5.73428e-08 2.34605e-07 1.11804e-07 1.79129e-11 2.27948e-11 1.76712e-11 9.18733e-12 3.75879e-11
0.0112202 1.25608e-07 1.00521e-07 5.40623e-08 2.01993e-07 1.01351e-07 2.04427e-11 2.53353e-11 2.02752e-11 1.09045e-11 4.07423e-11
0.0125893 1.10572e-07 9.10338e-08 5.07253e-08 1.74515e-07 9.14086e-08 2.32112e-11 2.80774e-11 2.3116e-11 1.28806e-11 4.43141e-11
0.0141254 9.70437e-08 8.18186e-08 4.73201e-08 1.50189e-07 8.20227e-08 2.62207e-11 3.10226e-11 2.61555e-11 1.51271e-11 4.80118e-11
0.0158489 8.49046e-08 7.26782e-08 4.38742e-08 1.28639e-07 7.32264e-08 2.94699e-11 3.41697e-11 2.92492e-11 1.76571e-11 5.17705e-11
0.0177828 7.40438e-08 6.40123e-08 4.04862e-08 1.10094e-07 6.50414e-08 3.29534e-11 3.75145e-11 3.2432e-11 2.05125e-11 5.57796e-11
0.0199526 6.43565e-08 5.68968e-08 3.70684e-08 9.34653e-08 5.74776e-08 3.66614e-11 4.1049e-11 3.62909e-11 2.36436e-11 5.96157e-11
0.0223872 5.57435e-08 5.0258e-08 3.36731e-08 7.89739e-08 5.05353e-08 4.05794e-11 4.47615e-11 4.03567e-11 2.70392e-11 6.34153e-11
0.0251189 4.81113e-08 4.40458e-08 3.03787e-08 6.68524e-08 4.42058e-08 4.46879e-11 4.8636e-11 4.45261e-11 3.071e-11 6.75814e-11
0.0281838 4.13719e-08 3.82893e-08 2.72907e-08 5.63837e-08 3.84725e-08 4.89622e-11 5.26522e-11 4.8729e-11 3.47316e-11 7.17569e-11
0.0316228 3.54426e-08 3.32106e-08 2.42997e-08 4.734e-08 3.33127e-08 5.33729e-11 5.67853e-11 5.32093e-11 3.89324e-11 7.5847e-11
0.0354813 3.02456e-08 2.8689e-08 2.15833e-08 3.96306e-08 2.86983e-08 5.78851e-11 6.1006e-11 5.78664e-11 4.3534e-11 7.99358e-11
0.0398107 2.57084e-08 2.46206e-08 1.89946e-08 3.3021e-08 2.45975e-08 6.24599e-11 6.52807e-11 6.25185e-11 4.82325e-11 8.38494e-11
0.0446684 2.17631e-08 2.0954e-08 1.66151e-08 2.74007e-08 2.09755e-08 6.70537e-11 6.95714e-11 6.69851e-11 5.31145e-11 8.75936e-11
0.0501187 1.83468e-08 1.78183e-08 1.44173e-08 2.25412e-08 1.7796e-08 7.16196e-11 7.38365e-11 7.17096e-11 5.80223e-11 9.07166e-11
0.0562341 1.54013e-08 1.49911e-08 1.24605e-08 1.84216e-08 1.50217e-08 7.61077e-11 7.80312e-11 7.59529e-11 6.31314e-11 9.33335e-11
0.0630957 1.28729e-08 1.2589e-08 1.07002e-08 1.5104e-08 1.26154e-08 8.0466e-11 8.21081e-11 8.02977e-11 6.82501e-11 9.63388e-11
0.0707946 1.07122e-08 1.05444e-08 9.14159e-09 1.23183e-08 1.05408e-08 8.46417e-11 8.60182e-11 8.46702e-11 7.34061e-11 9.89145e-11
0.0794328 8.87437e-09 8.7776e-09 7.74913e-09 1.00247e-08 8.7626e-09 8.85816e-11 8.97115e-11 8.87332e-11 7.83363e-11 1.0134e-10
0.0891251 7.31844e-09 7.26076e-09 6.51027e-09 8.12528e-09 7.24736e-09 9.22338e-11 9.31384e-11 9.24044e-11 8.28532e-11 1.03407e-10
0.1 6.00749e-09 5.98474e-09 5.4438e-09 6.57326e-09 5.96367e-09 9.55486e-11 9.62506e-11 9.58861e-11 8.72192e-11 1.05315e-10
0.112202 4.90834e-09 4.90135e-09 4.53024e-09 5.29243e-09 4.88242e-09 9.84795e-11 9.90023e-11 9.88612e-11 9.13759e-11 1.06749e-10
0.125893 3.99134e-09 3.98614e-09 3.73397e-09 4.25024e-09 3.9769e-09 1.00985e-10 1.01351e-10 1.01219e-10 9.48158e-11 1.07925e-10
0.141254 3.23014e-09 3.23125e-09 3.05508e-09 3.39639e-09 3.22286e-09 1.03027e-10 1.0326e-10 1.03295e-10 9.76637e-11 1.08575e-10
0.158489 2.60149e-09 2.60903e-09 2.48794e-09 2.71299e-09 2.59852e-09 1.04577e-10 1.04697e-10 1.05e-10 1.00127e-10 1.09184e-10
0.177828 2.08498e-09 2.09108e-09 2.01367e-09 2.15421e-09 2.08448e-09 1.05611e-10 1.05636e-10 1.05945e-10 1.02023e-10 1.09144e-10
0.199526 1.66281e-09 1.66585e-09 1.61181e-09 1.71049e-09 1.66363e-09 1.06112e-10 1.06061e-10 1.06254e-10 1.02808e-10 1.09101e-10
0.223872 1.31957e-09 1.32227e-09 1.2796e-09 1.35665e-09 1.321e-09 1.06075e-10 1.0596e-10 1.06177e-10 1.02751e-10 1.08937e-10
0.251189 1.04197e-09 1.04107e-09 1.00983e-09 1.07275e-09 1.04361e-09 1.05499e-10 1.05333e-10 1.05243e-10 1.02084e-10 1.08445e-10
0.281838 8.18654e-10 8.17524e-10 7.92919e-10 8.45679e-10 8.20273e-10 1.04392e-10 1.04186e-10 1.04043e-10 1.00911e-10 1.07626e-10
0.316228 6.39972e-10 6.39789e-10 6.18636e-10 6.62944e-10 6.41457e-10 1.02773e-10 1.02535e-10 1.02505e-10 9.91165e-11 1.06215e-10
0.354813 4.9777e-10 4.97439e-10 4.78909e-10 5.16401e-10 4.99073e-10 1.00664e-10 1.00401e-10 1.00335e-10 9.65969e-11 1.04159e-10
0.398107 3.85212e-10 3.84728e-10 3.69427e-10 4.00976e-10 3.86321e-10 9.80977e-11 9.78159e-11 9.76933e-11 9.38077e-11 1.01819e-10
0.446684 2.96599e-10 2.96371e-10 2.83905e-10 3.0924e-10 2.97523e-10 9.5111e-11 9.48158e-11 9.47429e-11 9.07577e-11 9.88567e-11
0.501187 2.27217e-10 2.27059e-10 2.17215e-10 2.37675e-10 2.27971e-10 9.17465e-11 9.14432e-11 9.13796e-11 8.74177e-11 9.56521e-11
0.562341 1.73186e-10 1.73033e-10 1.65482e-10 1.81611e-10 1.7379e-10 8.80514e-11 8.77452e-11 8.76678e-11 8.38419e-11 9.20139e-11
0.630957 1.31338e-10 1.31325e-10 1.25363e-10 1.37691e-10 1.31814e-10 8.40757e-11 8.37722e-11 8.37642e-11 7.9961e-11 8.78246e-11
0.707946 9.91005e-11 9.90602e-11 9.43565e-11 1.03904e-10 9.94676e-11 7.98716e-11 7.95768e-11 7.95444e-11 7.57673e-11 8.34342e-11
0.794328 7.44013e-11 7.4454e-11 7.06432e-11 7.79576e-11 7.46777e-11 7.54921e-11 7.52126e-11 7.52659e-11 7.14136e-11 7.88077e-11
0.891251 5.55792e-11 5.55928e-11 5.25988e-11 5.84354e-11 5.57812e-11 7.09901e-11 7.07331e-11 7.07504e-11 6.69401e-11 7.4368e-11
1 4.13127e-11 4.12688e-11 3.88359e-11 4.35678e-11 4.14545e-11 6.64175e-11 6.61902e-11 6.61198e-11 6.22219e-11 6.98034e-11
1.12202 3.05567e-11 3.04814e-11 2.86403e-11 3.23607e-11 3.06509e-11 6.18235e-11 6.16336e-11 6.14817e-11 5.7768e-11 6.52723e-11
1.25893 2.24905e-11 2.2436e-11 2.09701e-11 2.40569e-11 2.25477e-11 5.7255e-11 5.71097e-11 5.69713e-11 5.3249e-11 6.10871e-11
1.41254 1.64732e-11 1.64226e-11 1.52678e-11 1.77435e-11 1.65025e-11 5.27545e-11 5.26609e-11 5.24992e-11 4.88076e-11 5.67219e-11
1.58489 1.20078e-11 1.19584e-11 1.09783e-11 1.30558e-11 1.20167e-11 4.83609e-11 4.83251e-11 4.81265e-11 4.41818e-11 5.2543e-11
1.77828 8.71113e-12 8.68968e-12 7.8249e-12 9.57125e-12 8.70573e-12 4.41078e-11 4.41352e-11 4.40265e-11 3.9645e-11 4.8493e-11
1.99526 6.28982e-12 6.24789e-12 5.58498e-12 7.00133e-12 6.27501e-12 4.00244e-11 4.01189e-11 3.98514e-11 3.56232e-11 4.46572e-11
2.23872 4.52042e-12 4.49062e-12 3.94915e-12 5.10514e-12 4.49999e-12 3.61345e-11 3.62986e-11 3.60593e-11 3.17113e-11 4.09938e-11
2.51189 3.23388e-12 3.20849e-12 2.76847e-12 3.69267e-12 3.21067e-12 3.24568e-11 3.26915e-11 3.24348e-11 2.79866e-11 3.73294e-11
2.81838 2.30305e-12 2.28273e-12 1.92305e-12 2.67335e-12 2.27912e-12 2.90053e-11 2.93099e-11 2.90513e-11 2.44738e-11 3.40225e-11
3.16228 1.63286e-12 1.61741e-12 1.33336e-12 1.91817e-12 1.60963e-12 2.57891e-11 2.61613e-11 2.59138e-11 2.13628e-11 3.07324e-11
3.54813 1.15264e-12 1.13899e-12 9.16658e-13 1.37807e-12 1.13103e-12 2.28131e-11 2.3249e-11 2.29736e-11 1.84892e-11 2.77961e-11
3.98107 8.10161e-13 7.97367e-13 6.22611e-13 9.95225e-13 7.90692e-13 2.00779e-11 2.05722e-11 2.02474e-11 1.58098e-11 2.52715e-11
4.46684 5.67049e-13 5.5517e-13 4.23172e-13 7.11617e-13 5.49957e-13 1.75808e-11 1.81272e-11 1.77475e-11 1.35278e-11 2.27487e-11
5.01187 3.95257e-13 3.84249e-13 2.85886e-13 5.062e-13 3.80573e-13 1.53161e-11 1.5907e-11 1.54641e-11 1.15055e-11 2.03719e-11
5.62341 2.74403e-13 2.64062e-13 1.92155e-13 3.58117e-13 2.6202e-13 1.32753e-11 1.39027e-11 1.33788e-11 9.73559e-12 1.81441e-11
6.30957 1.89753e-13 1.8079e-13 1.281e-13 2.52096e-13 1.79481e-13 1.1448e-11 1.21032e-11 1.15315e-11 8.17068e-12 1.60796e-11
7.07946 1.30715e-13 1.23775e-13 8.46985e-14 1.76074e-13 1.22318e-13 9.82203e-12 1.04963e-11 9.93898e-12 6.80121e-12 1.41386e-11
7.94328 8.9711e-14 8.41525e-14 5.58455e-14 1.23232e-13 8.29373e-14 8.38418e-12 9.06893e-12 8.50702e-12 5.64546e-12 1.24576e-11
8.91251 6.13468e-14 5.65983e-14 3.65506e-14 8.57542e-14 5.59496e-14 7.12044e-12 7.80733e-12 7.20301e-12 4.65163e-12 1.09135e-11
10 4.18037e-14 3.80344e-14 2.385e-14 5.96968e-14 3.75518e-14 6.01646e-12 6.69769e-12 6.09379e-12 3.82119e-12 9.56448e-12
11.2202 2.83898e-14 2.54078e-14 1.55166e-14 4.13222e-14 2.50757e-14 5.05782e-12 5.72629e-12 5.12481e-12 3.12973e-12 8.33477e-12
12.5893 1.9217e-14 1.68728e-14 1.00061e-14 2.85784e-14 1.66595e-14 4.23031e-12 4.87974e-12 4.28447e-12 2.54083e-12 7.25686e-12
14.1254 1.2967e-14 1.11393e-14 6.36345e-15 1.95455e-14 1.10118e-14 3.52021e-12 4.14523e-12 3.56098e-12 2.03424e-12 6.24822e-12
15.8489 8.72307e-15 7.32759e-15 4.04021e-15 1.32885e-14 7.24174e-15 2.91443e-12 3.51059e-12 2.94898e-12 1.62598e-12 5.34792e-12
17.7828 5.85105e-15 4.80545e-15 2.53297e-15 8.94407e-15 4.73821e-15 2.40063e-12 2.96445e-12 2.4347e-12 1.28333e-12 4.53154e-12
19.9526 3.91369e-15 3.13104e-15 1.57186e-15 6.02869e-15 3.08442e-15 1.96736e-12 2.4963e-12 1.9971e-12 1.00259e-12 3.84533e-12
22.3872 2.61084e-15 2.02879e-15 9.74666e-16 4.06224e-15 1.99766e-15 1.6041e-12 2.09648e-12 1.6291e-12 7.82648e-13 3.26194e-12
25.1189 1.73728e-15 1.31365e-15 6.01754e-16 2.72438e-15 1.28723e-15 1.30126e-12 1.75623e-12 1.32797e-12 6.08317e-13 2.75409e-12
28.1838 1.15322e-15 8.45458e-16 3.69422e-16 1.8243e-15 8.25233e-16 1.05024e-12 1.46765e-12 1.07598e-12 4.70146e-13 2.3217e-12
31.6228 7.63766e-16 5.38449e-16 2.2556e-16 1.22363e-15 5.26364e-16 8.43327e-13 1.22369e-12 8.6269e-13 3.61387e-13 1.96047e-12
35.4813 5.04742e-16 3.38838e-16 1.37205e-16 8.11085e-16 3.34028e-16 6.73741e-13 1.01807e-12 6.83443e-13 2.76745e-13 1.63598e-12
39.8107 3.32884e-16 2.14454e-16 8.28573e-17 5.3374e-16 2.10895e-16 5.35522e-13 8.45286e-13 5.44558e-13 2.10398e-13 1.35531e-12
44.6684 2.19122e-16 1.34915e-16 4.95838e-17 3.49761e-16 1.32476e-16 4.23496e-13 7.0048e-13 4.31291e-13 1.58508e-13 1.1181e-12
50.1187 1.43979e-16 8.41764e-17 2.96136e-17 2.30218e-16 8.27938e-17 3.33203e-13 5.79441e-13 3.38767e-13 1.1918e-13 9.26508e-13
56.2341 9.44463e-17 5.2077e-17 1.75306e-17 1.50872e-16 5.14807e-17 2.60828e-13 4.78515e-13 2.63849e-13 8.8819e-14 7.64395e-13
63.0957 6.18577e-17 3.20397e-17 1.02973e-17 9.84946e-17 3.18478e-17 2.03137e-13 3.94552e-13 2.04362e-13 6.56802e-14 6.28236e-13
70.7946 4.04552e-17 1.95838e-17 6.00916e-18 6.41436e-17 1.9602e-17 1.57402e-13 3.24851e-13 1.57256e-13 4.8253e-14 5.15067e-13
79.4328 2.64225e-17 1.20736e-17 3.49251e-18 4.16089e-17 1.20036e-17 1.21345e-13 2.67106e-13 1.22053e-13 3.53059e-14 4.20627e-13
89.1251 1.7236e-17 7.40172e-18 2.01294e-18 2.68636e-17 7.31319e-18 9.30716e-14 2.19354e-13 9.41982e-14 2.56177e-14 3.41881e-13
100 1.12307e-17 4.49981e-18 1.15217e-18 1.73191e-17 4.43293e-18 7.10234e-14 1.79935e-13 7.20949e-14 1.84599e-14 2.77482e-13
