results/errorbands/sed_joint.ecsv
# %ECSV 0.9
# ---
# datatype:
# - {name: energy, unit: TeV, datatype: float64, format: 3g}
# - {name: dnde_mean, unit: 1 / (cm2 s TeV), datatype: float64, format: 3g}
# - {name: dnde_median, unit: 1 / (cm2 s TeV), datatype: float64, format: 3g}
# - {name: dnde_lo, unit: 1 / (cm2 s TeV), datatype: float64, format: 3g}
# - {name: dnde_hi, unit: 1 / (cm2 s TeV), datatype: float64, format: 3g}
# - {name: dnde_fit, unit: 1 / (cm2 s TeV), datatype: float64, format: 3g}
# - {name: e2dnde_fit, unit: erg / (cm2 s), datatype: float64, format: 3g}
# - {name: e2dnde_mean, unit: erg / (cm2 s), datatype: float64, format: 3g}
# - {name: e2dnde_median, unit: erg / (cm2 s), datatype: float64, format: 3g}
# - {name: e2dnde_lo, unit: erg / (cm2 s), datatype: float64, format: 3g}
# - {name: e2dnde_hi, unit: erg / (cm2 s), datatype: float64, format: 3g}
# schema: astropy-2.0
energy dnde_mean dnde_median dnde_lo dnde_hi dnde_fit e2dnde_fit e2dnde_mean e2dnde_median e2dnde_lo e2dnde_hi
0.01 4.52811e-07 4.54337e-07 3.90126e-07 5.07116e-07 4.47989e-07 7.17757e-11 7.25484e-11 7.27928e-11 6.25051e-11 8.1249e-11
0.0112202 3.77391e-07 3.79537e-07 3.28815e-07 4.18555e-07 3.73809e-07 7.53981e-11 7.61206e-11 7.65535e-11 6.63226e-11 8.44234e-11
0.0125893 3.13712e-07 3.15736e-07 2.75993e-07 3.45883e-07 3.11065e-07 7.89882e-11 7.96602e-11 8.01742e-11 7.00824e-11 8.78292e-11
0.0141254 2.60095e-07 2.61818e-07 2.31431e-07 2.84882e-07 2.5815e-07 8.25245e-11 8.31461e-11 8.36971e-11 7.39831e-11 9.10699e-11
0.0158489 2.15075e-07 2.16573e-07 1.9279e-07 2.34444e-07 2.13655e-07 8.5985e-11 8.65568e-11 8.71594e-11 7.7588e-11 9.43517e-11
0.0177828 1.7738e-07 1.78563e-07 1.60283e-07 1.92692e-07 1.76348e-07 8.93473e-11 8.98702e-11 9.04693e-11 8.1208e-11 9.76279e-11
0.0199526 1.45906e-07 1.46792e-07 1.32841e-07 1.57792e-07 1.45161e-07 9.25889e-11 9.30644e-11 9.36294e-11 8.47311e-11 1.00645e-10
0.0223872 1.19699e-07 1.20196e-07 1.0993e-07 1.28588e-07 1.19164e-07 9.56876e-11 9.61174e-11 9.65162e-11 8.82731e-11 1.03255e-10
0.0251189 9.79395e-08 9.83026e-08 9.0532e-08 1.04627e-07 9.75575e-08 9.86214e-11 9.90076e-11 9.93746e-11 9.15192e-11 1.05767e-10
0.0281838 7.99227e-08 8.01783e-08 7.44993e-08 8.50805e-08 7.96518e-08 1.01369e-10 1.01714e-10 1.02039e-10 9.48118e-11 1.08278e-10
0.0316228 6.50467e-08 6.51937e-08 6.10254e-08 6.89086e-08 6.48558e-08 1.0391e-10 1.04216e-10 1.04452e-10 9.77735e-11 1.10404e-10
0.0354813 5.27985e-08 5.28901e-08 4.96869e-08 5.57379e-08 5.26649e-08 1.06226e-10 1.06496e-10 1.0668e-10 1.00219e-10 1.12424e-10
0.0398107 4.27421e-08 4.2746e-08 4.04652e-08 4.49241e-08 4.26494e-08 1.08299e-10 1.08534e-10 1.08544e-10 1.02752e-10 1.14075e-10
0.0446684 3.45087e-08 3.45142e-08 3.27911e-08 3.61944e-08 3.44447e-08 1.10112e-10 1.10316e-10 1.10334e-10 1.04826e-10 1.15705e-10
0.0501187 2.77866e-08 2.7801e-08 2.65165e-08 2.90203e-08 2.77429e-08 1.11651e-10 1.11827e-10 1.11885e-10 1.06715e-10 1.16792e-10
0.0562341 2.23139e-08 2.23382e-08 2.138e-08 2.32496e-08 2.22844e-08 1.12904e-10 1.13054e-10 1.13177e-10 1.08322e-10 1.17795e-10
0.0630957 1.78709e-08 1.78932e-08 1.7166e-08 1.85873e-08 1.78512e-08 1.13862e-10 1.13988e-10 1.14129e-10 1.09491e-10 1.18557e-10
0.0707946 1.42741e-08 1.42787e-08 1.37621e-08 1.47894e-08 1.42611e-08 1.14515e-10 1.1462e-10 1.14656e-10 1.10508e-10 1.18757e-10
0.0794328 1.13705e-08 1.13636e-08 1.09935e-08 1.17499e-08 1.13621e-08 1.1486e-10 1.14945e-10 1.14875e-10 1.11134e-10 1.18781e-10
0.0891251 9.03309e-09 9.03121e-09 8.74463e-09 9.31251e-09 9.02781e-09 1.14893e-10 1.1496e-10 1.14936e-10 1.11289e-10 1.18516e-10
0.1 7.1568e-09 7.1521e-09 6.93809e-09 7.37528e-09 7.15361e-09 1.14613e-10 1.14665e-10 1.14589e-10 1.1116e-10 1.18165e-10
0.112202 5.65491e-09 5.65116e-09 5.48342e-09 5.83464e-09 5.65311e-09 1.14024e-10 1.14061e-10 1.13985e-10 1.10602e-10 1.17686e-10
0.125893 4.45612e-09 4.45639e-09 4.32068e-09 4.59798e-09 4.45521e-09 1.1313e-10 1.13153e-10 1.1316e-10 1.09714e-10 1.16756e-10
0.141254 3.50194e-09 3.5005e-09 3.4008e-09 3.60911e-09 3.50161e-09 1.11938e-10 1.11949e-10 1.11903e-10 1.08716e-10 1.15375e-10
0.158489 2.74463e-09 2.74368e-09 2.66595e-09 2.82763e-09 2.74465e-09 1.10458e-10 1.10457e-10 1.10419e-10 1.07291e-10 1.13798e-10
0.177828 2.14525e-09 2.14544e-09 2.0793e-09 2.2125e-09 2.14548e-09 1.08701e-10 1.0869e-10 1.08699e-10 1.05348e-10 1.12097e-10
0.199526 1.67222e-09 1.67284e-09 1.6209e-09 1.72471e-09 1.67256e-09 1.06682e-10 1.0666e-10 1.067e-10 1.03387e-10 1.10008e-10
0.223872 1.29995e-09 1.30058e-09 1.25949e-09 1.33997e-09 1.30034e-09 1.04416e-10 1.04385e-10 1.04435e-10 1.01136e-10 1.07598e-10
0.251189 1.00781e-09 1.00873e-09 9.76177e-10 1.03819e-09 1.00821e-09 1.0192e-10 1.0188e-10 1.01973e-10 9.86823e-11 1.04951e-10
0.281838 7.79203e-10 7.80173e-10 7.55015e-10 8.02623e-10 7.79586e-10 9.92143e-11 9.91656e-11 9.9289e-11 9.60873e-11 1.02146e-10
0.316228 6.00814e-10 6.01523e-10 5.82265e-10 6.18888e-10 6.01169e-10 9.63179e-11 9.6261e-11 9.63746e-11 9.32891e-11 9.91567e-11
0.354813 4.62005e-10 4.62705e-10 4.47999e-10 4.75936e-10 4.62325e-10 9.3252e-11 9.31874e-11 9.33286e-11 9.03623e-11 9.59972e-11
0.398107 3.543e-10 3.54864e-10 3.43647e-10 3.64885e-10 3.54583e-10 9.00385e-11 8.99666e-11 9.01098e-11 8.72614e-11 9.26544e-11
0.446684 2.70965e-10 2.71503e-10 2.62467e-10 2.78801e-10 2.71211e-10 8.66997e-11 8.66211e-11 8.67931e-11 8.39045e-11 8.91261e-11
0.501187 2.06668e-10 2.06917e-10 2.00204e-10 2.12977e-10 2.06879e-10 8.3258e-11 8.31732e-11 8.32736e-11 8.05716e-11 8.57123e-11
0.562341 1.57199e-10 1.57476e-10 1.52431e-10 1.61883e-10 1.57377e-10 7.97357e-11 7.96455e-11 7.97858e-11 7.72295e-11 8.20186e-11
0.630957 1.19247e-10 1.19494e-10 1.15715e-10 1.2281e-10 1.19396e-10 7.61551e-11 7.60601e-11 7.62181e-11 7.38076e-11 7.83331e-11
0.707946 9.02113e-11 9.03622e-11 8.74932e-11 9.28951e-11 9.03345e-11 7.25377e-11 7.24388e-11 7.256e-11 7.02562e-11 7.45939e-11
0.794328 6.80603e-11 6.81193e-11 6.60209e-11 7.00614e-11 6.81613e-11 6.89046e-11 6.88025e-11 6.88621e-11 6.67408e-11 7.08255e-11
0.891251 5.12091e-11 5.12521e-11 4.96678e-11 5.27057e-11 5.12909e-11 6.52756e-11 6.51714e-11 6.52262e-11 6.32099e-11 6.70762e-11
1 3.84255e-11 3.84609e-11 3.72389e-11 3.95531e-11 3.84913e-11 6.16698e-11 6.15645e-11 6.16211e-11 5.96634e-11 6.3371e-11
1.12202 2.8755e-11 2.8762e-11 2.7859e-11 2.96101e-11 2.88073e-11 5.8105e-11 5.79995e-11 5.80136e-11 5.61922e-11 5.97243e-11
1.25893 2.146e-11 2.14542e-11 2.07992e-11 2.21366e-11 2.15012e-11 5.45976e-11 5.4493e-11 5.44782e-11 5.28151e-11 5.6211e-11
1.41254 1.59724e-11 1.59682e-11 1.54813e-11 1.64841e-11 1.60045e-11 5.11625e-11 5.10598e-11 5.10466e-11 4.949e-11 5.26957e-11
1.58489 1.18558e-11 1.1842e-11 1.14888e-11 1.22498e-11 1.18806e-11 4.78134e-11 4.77136e-11 4.76578e-11 4.62364e-11 4.92993e-11
1.77828 8.77646e-12 8.76789e-12 8.49296e-12 9.07234e-12 8.7954e-12 4.45622e-11 4.44662e-11 4.44227e-11 4.30298e-11 4.59653e-11
1.99526 6.47938e-12 6.47041e-12 6.26307e-12 6.71159e-12 6.49369e-12 4.14192e-11 4.1328e-11 4.12707e-11 3.99483e-11 4.28091e-11
2.23872 4.77063e-12 4.76056e-12 4.60518e-12 4.94933e-12 4.7813e-12 3.83934e-11 3.83077e-11 3.82268e-11 3.69792e-11 3.97426e-11
2.51189 3.50305e-12 3.49666e-12 3.36992e-12 3.64296e-12 3.51091e-12 3.54919e-11 3.54125e-11 3.53479e-11 3.40667e-11 3.68268e-11
2.81838 2.56536e-12 2.55992e-12 2.45681e-12 2.67884e-12 2.57106e-12 3.27207e-11 3.26481e-11 3.25789e-11 3.12667e-11 3.40923e-11
3.16228 1.87362e-12 1.87105e-12 1.78707e-12 1.96517e-12 1.87769e-12 3.00838e-11 3.00188e-11 2.99775e-11 2.86321e-11 3.14855e-11
3.54813 1.36474e-12 1.36539e-12 1.29494e-12 1.43619e-12 1.36758e-12 2.75844e-11 2.75271e-11 2.75403e-11 2.61193e-11 2.89682e-11
3.98107 9.91414e-13 9.89959e-13 9.36691e-13 1.04778e-12 9.9335e-13 2.52239e-11 2.51748e-11 2.51378e-11 2.37852e-11 2.6606e-11
4.46684 7.18287e-13 7.17534e-13 6.75854e-13 7.61e-13 7.19566e-13 2.30028e-11 2.29619e-11 2.29379e-11 2.16055e-11 2.43274e-11
5.01187 5.19015e-13 5.18139e-13 4.85867e-13 5.52385e-13 5.19826e-13 2.09203e-11 2.08877e-11 2.08524e-11 1.95537e-11 2.22307e-11
5.62341 3.74029e-13 3.72903e-13 3.4824e-13 3.99721e-13 3.7451e-13 1.89747e-11 1.89503e-11 1.88932e-11 1.76437e-11 2.0252e-11
6.30957 2.68828e-13 2.67526e-13 2.48531e-13 2.88912e-13 2.69085e-13 1.71632e-11 1.71469e-11 1.70638e-11 1.58522e-11 1.84279e-11
7.07946 1.92704e-13 1.91635e-13 1.77272e-13 2.08567e-13 1.92811e-13 1.54826e-11 1.5474e-11 1.53881e-11 1.42348e-11 1.67477e-11
7.94328 1.37771e-13 1.37009e-13 1.25576e-13 1.50383e-13 1.37783e-13 1.39286e-11 1.39273e-11 1.38503e-11 1.26946e-11 1.52023e-11
8.91251 9.82369e-14 9.76355e-14 8.87672e-14 1.08091e-13 9.81923e-14 1.24965e-11 1.25022e-11 1.24256e-11 1.1297e-11 1.37563e-11
10 6.9863e-14 6.93942e-14 6.27389e-14 7.7432e-14 6.97876e-14 1.11812e-11 1.11933e-11 1.11182e-11 1.00519e-11 1.2406e-11
11.2202 4.95538e-14 4.92038e-14 4.3996e-14 5.53158e-14 4.9465e-14 9.97719e-12 9.99511e-12 9.9245e-12 8.87408e-12 1.11573e-11
12.5893 3.50564e-14 3.4783e-14 3.0933e-14 3.93641e-14 3.49653e-14 8.87865e-12 8.9018e-12 8.83236e-12 7.85475e-12 9.99564e-12
14.1254 2.47355e-14 2.44883e-14 2.16463e-14 2.7982e-14 2.46487e-14 7.87961e-12 7.90736e-12 7.82832e-12 6.91981e-12 8.94517e-12
15.8489 1.74077e-14 1.7237e-14 1.50902e-14 1.98377e-14 1.73289e-14 6.97399e-12 7.0057e-12 6.937e-12 6.07302e-12 7.98366e-12
17.7828 1.22189e-14 1.2089e-14 1.05059e-14 1.40172e-14 1.21497e-14 6.15569e-12 6.19072e-12 6.12492e-12 5.32285e-12 7.10183e-12
19.9526 8.55448e-15 8.46299e-15 7.28429e-15 9.87763e-15 8.49534e-15 5.41865e-12 5.45637e-12 5.39802e-12 4.64619e-12 6.30033e-12
22.3872 5.97355e-15 5.89015e-15 5.03097e-15 6.94315e-15 5.92399e-15 4.75691e-12 4.7967e-12 4.72974e-12 4.03982e-12 5.57529e-12
25.1189 4.16055e-15 4.09634e-15 3.46377e-15 4.87299e-15 4.11971e-15 4.16464e-12 4.20592e-12 4.14101e-12 3.50154e-12 4.92613e-12
28.1838 2.89037e-15 2.84651e-15 2.38617e-15 3.40647e-15 2.85718e-15 3.6362e-12 3.67844e-12 3.62263e-12 3.03677e-12 4.33525e-12
31.6228 2.00282e-15 1.97166e-15 1.6353e-15 2.37648e-15 1.97619e-15 3.1662e-12 3.20887e-12 3.15895e-12 2.62004e-12 3.80753e-12
35.4813 1.38427e-15 1.35602e-15 1.11916e-15 1.65366e-15 1.36313e-15 2.74946e-12 2.79211e-12 2.73511e-12 2.25736e-12 3.33546e-12
39.8107 9.54327e-16 9.32974e-16 7.60738e-16 1.14985e-15 9.37704e-16 2.38109e-12 2.4233e-12 2.36908e-12 1.93173e-12 2.91978e-12
44.6684 6.56252e-16 6.40159e-16 5.14557e-16 7.98171e-16 6.43299e-16 2.05647e-12 2.09788e-12 2.04644e-12 1.64492e-12 2.55156e-12
50.1187 4.5014e-16 4.37843e-16 3.47398e-16 5.53177e-16 4.40128e-16 1.77129e-12 1.81158e-12 1.76209e-12 1.3981e-12 2.22625e-12
56.2341 3.07986e-16 2.98575e-16 2.34004e-16 3.8268e-16 3.00306e-16 1.52151e-12 1.56042e-12 1.51274e-12 1.18559e-12 1.93886e-12
63.0957 2.10197e-16 2.02927e-16 1.57525e-16 2.63441e-16 2.04347e-16 1.3034e-12 1.34071e-12 1.29434e-12 1.00476e-12 1.68033e-12
70.7946 1.43099e-16 1.37501e-16 1.0573e-16 1.80876e-16 1.38673e-16 1.11353e-12 1.14907e-12 1.10412e-12 8.49004e-13 1.45242e-12
79.4328 9.71781e-17 9.29991e-17 7.0706e-17 1.24009e-16 9.38496e-17 9.4873e-13 9.82378e-13 9.40133e-13 7.14771e-13 1.25362e-12
89.1251 6.58301e-17 6.27956e-17 4.70979e-17 8.51684e-17 6.33422e-17 8.06127e-13 8.37789e-13 7.99171e-13 5.99393e-13 1.0839e-12
100 4.44847e-17 4.22811e-17 3.12127e-17 5.787e-17 4.26356e-17 6.83098e-13 7.12723e-13 6.77418e-13 5.00083e-13 9.27179e-13
