results/errorbands/sed_joint.ecsv
# %ECSV 0.9
# ---
# datatype:
# - {name: energy, unit: TeV, datatype: float64, format: 3g}
# - {name: dnde_mean, unit: 1 / (cm2 s TeV), datatype: float64, format: 3g}
# - {name: dnde_median, unit: 1 / (cm2 s TeV), datatype: float64, format: 3g}
# - {name: dnde_lo, unit: 1 / (cm2 s TeV), datatype: float64, format: 3g}
# - {name: dnde_hi, unit: 1 / (cm2 s TeV), datatype: float64, format: 3g}
# - {name: dnde_fit, unit: 1 / (cm2 s TeV), datatype: float64, format: 3g}
# - {name: e2dnde_fit, unit: erg / (cm2 s), datatype: float64, format: 3g}
# - {name: e2dnde_mean, unit: erg / (cm2 s), datatype: float64, format: 3g}
# - {name: e2dnde_median, unit: erg / (cm2 s), datatype: float64, format: 3g}
# - {name: e2dnde_lo, unit: erg / (cm2 s), datatype: float64, format: 3g}
# - {name: e2dnde_hi, unit: erg / (cm2 s), datatype: float64, format: 3g}
# schema: astropy-2.0
energy dnde_mean dnde_median dnde_lo dnde_hi dnde_fit e2dnde_fit e2dnde_mean e2dnde_median e2dnde_lo e2dnde_hi
0.01 4.5363e-07 4.48998e-07 3.95967e-07 5.14125e-07 4.47989e-07 7.17757e-11 7.26795e-11 7.19374e-11 6.34409e-11 8.23719e-11
0.0112202 3.78067e-07 3.74467e-07 3.33371e-07 4.24855e-07 3.73809e-07 7.53981e-11 7.62568e-11 7.55307e-11 6.72417e-11 8.56942e-11
0.0125893 3.14268e-07 3.11738e-07 2.79423e-07 3.50562e-07 3.11065e-07 7.89882e-11 7.98013e-11 7.9159e-11 7.09533e-11 8.90175e-11
0.0141254 2.60551e-07 2.5921e-07 2.33903e-07 2.8779e-07 2.5815e-07 8.25245e-11 8.3292e-11 8.28633e-11 7.47731e-11 9.19997e-11
0.0158489 2.15449e-07 2.14857e-07 1.95085e-07 2.37228e-07 2.13655e-07 8.5985e-11 8.67073e-11 8.6469e-11 7.85115e-11 9.54721e-11
0.0177828 1.77686e-07 1.77104e-07 1.62026e-07 1.94027e-07 1.76348e-07 8.93473e-11 9.00251e-11 8.97301e-11 8.2091e-11 9.83042e-11
0.0199526 1.46155e-07 1.45792e-07 1.34069e-07 1.58758e-07 1.45161e-07 9.25889e-11 9.32234e-11 9.29915e-11 8.55145e-11 1.01262e-10
0.0223872 1.19902e-07 1.19749e-07 1.10647e-07 1.29382e-07 1.19164e-07 9.56876e-11 9.62802e-11 9.61573e-11 8.88486e-11 1.03893e-10
0.0251189 9.81041e-08 9.78482e-08 9.10916e-08 1.05137e-07 9.75575e-08 9.86214e-11 9.9174e-11 9.89152e-11 9.2085e-11 1.06284e-10
0.0281838 8.00559e-08 7.99464e-08 7.48505e-08 8.52917e-08 7.96518e-08 1.01369e-10 1.01884e-10 1.01744e-10 9.52588e-11 1.08547e-10
0.0316228 6.51543e-08 6.506e-08 6.12094e-08 6.91289e-08 6.48558e-08 1.0391e-10 1.04389e-10 1.04238e-10 9.80682e-11 1.10757e-10
0.0354813 5.28852e-08 5.28766e-08 4.99663e-08 5.5801e-08 5.26649e-08 1.06226e-10 1.06671e-10 1.06653e-10 1.00783e-10 1.12552e-10
0.0398107 4.28119e-08 4.28108e-08 4.06552e-08 4.49333e-08 4.26494e-08 1.08299e-10 1.08711e-10 1.08708e-10 1.03235e-10 1.14098e-10
0.0446684 3.45646e-08 3.45481e-08 3.29067e-08 3.61862e-08 3.44447e-08 1.10112e-10 1.10495e-10 1.10442e-10 1.05195e-10 1.15679e-10
0.0501187 2.78314e-08 2.78156e-08 2.65717e-08 2.90438e-08 2.77429e-08 1.11651e-10 1.12007e-10 1.11943e-10 1.06937e-10 1.16886e-10
0.0562341 2.23497e-08 2.23494e-08 2.14311e-08 2.32616e-08 2.22844e-08 1.12904e-10 1.13235e-10 1.13234e-10 1.08581e-10 1.17856e-10
0.0630957 1.78994e-08 1.79084e-08 1.72076e-08 1.85841e-08 1.78512e-08 1.13862e-10 1.14169e-10 1.14227e-10 1.09757e-10 1.18536e-10
0.0707946 1.42968e-08 1.42997e-08 1.37801e-08 1.47873e-08 1.42611e-08 1.14515e-10 1.14802e-10 1.14825e-10 1.10653e-10 1.18741e-10
0.0794328 1.13884e-08 1.13943e-08 1.09896e-08 1.17547e-08 1.13621e-08 1.1486e-10 1.15126e-10 1.15185e-10 1.11094e-10 1.18829e-10
0.0891251 9.04729e-09 9.05414e-09 8.74895e-09 9.32856e-09 9.02781e-09 1.14893e-10 1.15141e-10 1.15228e-10 1.11344e-10 1.1872e-10
0.1 7.16801e-09 7.16893e-09 6.9491e-09 7.37917e-09 7.15361e-09 1.14613e-10 1.14844e-10 1.14859e-10 1.11337e-10 1.18227e-10
0.112202 5.66375e-09 5.66123e-09 5.48872e-09 5.82972e-09 5.65311e-09 1.14024e-10 1.14239e-10 1.14188e-10 1.10709e-10 1.17587e-10
0.125893 4.46305e-09 4.46443e-09 4.32704e-09 4.59288e-09 4.45521e-09 1.1313e-10 1.13329e-10 1.13364e-10 1.09876e-10 1.16626e-10
0.141254 3.50738e-09 3.50604e-09 3.40309e-09 3.60693e-09 3.50161e-09 1.11938e-10 1.12123e-10 1.1208e-10 1.08789e-10 1.15305e-10
0.158489 2.74888e-09 2.74768e-09 2.66804e-09 2.82809e-09 2.74465e-09 1.10458e-10 1.10628e-10 1.1058e-10 1.07375e-10 1.13816e-10
0.177828 2.14857e-09 2.14761e-09 2.08619e-09 2.21268e-09 2.14548e-09 1.08701e-10 1.08858e-10 1.08809e-10 1.05697e-10 1.12106e-10
0.199526 1.6748e-09 1.67447e-09 1.62712e-09 1.72466e-09 1.67256e-09 1.06682e-10 1.06825e-10 1.06804e-10 1.03784e-10 1.10006e-10
0.223872 1.30196e-09 1.30078e-09 1.26575e-09 1.34025e-09 1.30034e-09 1.04416e-10 1.04546e-10 1.04451e-10 1.01639e-10 1.07621e-10
0.251189 1.00937e-09 1.00876e-09 9.80867e-10 1.03894e-09 1.00821e-09 1.0192e-10 1.02037e-10 1.01976e-10 9.91563e-11 1.05027e-10
0.281838 7.80405e-10 7.8003e-10 7.57196e-10 8.03448e-10 7.79586e-10 9.92143e-11 9.93186e-11 9.92708e-11 9.63648e-11 1.02251e-10
0.316228 6.0174e-10 6.01583e-10 5.84442e-10 6.19756e-10 6.01169e-10 9.63179e-11 9.64094e-11 9.63843e-11 9.3638e-11 9.92959e-11
0.354813 4.62718e-10 4.62591e-10 4.49236e-10 4.76991e-10 4.62325e-10 9.3252e-11 9.33312e-11 9.33056e-11 9.06118e-11 9.621e-11
0.398107 3.54847e-10 3.54669e-10 3.44274e-10 3.6576e-10 3.54583e-10 9.00385e-11 9.01056e-11 9.00603e-11 8.74208e-11 9.28766e-11
0.446684 2.71384e-10 2.71309e-10 2.63286e-10 2.79883e-10 2.71211e-10 8.66997e-11 8.67551e-11 8.67309e-11 8.41662e-11 8.94721e-11
0.501187 2.06988e-10 2.06873e-10 2.00578e-10 2.13476e-10 2.06879e-10 8.3258e-11 8.33021e-11 8.32557e-11 8.07224e-11 8.5913e-11
0.562341 1.57443e-10 1.57374e-10 1.52616e-10 1.62284e-10 1.57377e-10 7.97357e-11 7.97692e-11 7.9734e-11 7.73235e-11 8.22217e-11
0.630957 1.19432e-10 1.19374e-10 1.15892e-10 1.23034e-10 1.19396e-10 7.61551e-11 7.61785e-11 7.61411e-11 7.392e-11 7.84758e-11
0.707946 9.03522e-11 9.02789e-11 8.77511e-11 9.3141e-11 9.03345e-11 7.25377e-11 7.25519e-11 7.24931e-11 7.04633e-11 7.47913e-11
0.794328 6.8167e-11 6.81197e-11 6.61602e-11 7.02001e-11 6.81613e-11 6.89046e-11 6.89104e-11 6.88625e-11 6.68817e-11 7.09656e-11
0.891251 5.12896e-11 5.12764e-11 4.97638e-11 5.28104e-11 5.12909e-11 6.52756e-11 6.5274e-11 6.52571e-11 6.33321e-11 6.72094e-11
1 3.84862e-11 3.84895e-11 3.73078e-11 3.96475e-11 3.84913e-11 6.16698e-11 6.16618e-11 6.1667e-11 5.97737e-11 6.35222e-11
1.12202 2.88007e-11 2.88153e-11 2.7947e-11 2.96856e-11 2.88073e-11 5.8105e-11 5.80916e-11 5.81211e-11 5.63697e-11 5.98764e-11
1.25893 2.14942e-11 2.14949e-11 2.08277e-11 2.21564e-11 2.15012e-11 5.45976e-11 5.45799e-11 5.45817e-11 5.28874e-11 5.62612e-11
1.41254 1.5998e-11 1.60021e-11 1.55007e-11 1.64841e-11 1.60045e-11 5.11625e-11 5.11417e-11 5.11548e-11 4.95521e-11 5.26958e-11
1.58489 1.18749e-11 1.18678e-11 1.1502e-11 1.22544e-11 1.18806e-11 4.78134e-11 4.77905e-11 4.77617e-11 4.62897e-11 4.93175e-11
1.77828 8.79069e-12 8.79373e-12 8.50458e-12 9.07856e-12 8.7954e-12 4.45622e-11 4.45383e-11 4.45537e-11 4.30887e-11 4.59968e-11
1.99526 6.48995e-12 6.49375e-12 6.26131e-12 6.71516e-12 6.49369e-12 4.14192e-11 4.13954e-11 4.14196e-11 3.9937e-11 4.28319e-11
2.23872 4.77846e-12 4.78132e-12 4.59281e-12 4.95443e-12 4.7813e-12 3.83934e-11 3.83706e-11 3.83935e-11 3.68798e-11 3.97836e-11
2.51189 3.50884e-12 3.50814e-12 3.35846e-12 3.64954e-12 3.51091e-12 3.54919e-11 3.54711e-11 3.5464e-11 3.39508e-11 3.68934e-11
2.81838 2.56963e-12 2.56862e-12 2.44677e-12 2.67914e-12 2.57106e-12 3.27207e-11 3.27025e-11 3.26897e-11 3.11389e-11 3.40961e-11
3.16228 1.87677e-12 1.8761e-12 1.77886e-12 1.96627e-12 1.87769e-12 3.00838e-11 3.00691e-11 3.00585e-11 2.85004e-11 3.15031e-11
3.54813 1.36705e-12 1.36672e-12 1.28868e-12 1.43805e-12 1.36758e-12 2.75844e-11 2.75737e-11 2.7567e-11 2.5993e-11 2.90058e-11
3.98107 9.93105e-13 9.92592e-13 9.29317e-13 1.04924e-12 9.9335e-13 2.52239e-11 2.52177e-11 2.52047e-11 2.3598e-11 2.66432e-11
4.46684 7.19522e-13 7.19371e-13 6.69407e-13 7.64005e-13 7.19566e-13 2.30028e-11 2.30014e-11 2.29966e-11 2.13993e-11 2.44234e-11
5.01187 5.19916e-13 5.19458e-13 4.81278e-13 5.54229e-13 5.19826e-13 2.09203e-11 2.09239e-11 2.09055e-11 1.9369e-11 2.23049e-11
5.62341 3.74683e-13 3.74424e-13 3.44755e-13 4.00993e-13 3.7451e-13 1.89747e-11 1.89834e-11 1.89703e-11 1.74671e-11 2.03164e-11
6.30957 2.69303e-13 2.6838e-13 2.46364e-13 2.90155e-13 2.69085e-13 1.71632e-11 1.71772e-11 1.71183e-11 1.5714e-11 1.85072e-11
7.07946 1.93048e-13 1.92493e-13 1.75188e-13 2.0912e-13 1.92811e-13 1.54826e-11 1.55015e-11 1.5457e-11 1.40674e-11 1.67921e-11
7.94328 1.38019e-13 1.37457e-13 1.2449e-13 1.50649e-13 1.37783e-13 1.39286e-11 1.39524e-11 1.38956e-11 1.25848e-11 1.52292e-11
8.91251 9.84155e-14 9.78432e-14 8.82275e-14 1.08229e-13 9.81923e-14 1.24965e-11 1.25249e-11 1.24521e-11 1.12283e-11 1.37737e-11
10 6.99913e-14 6.94785e-14 6.23504e-14 7.74368e-14 6.97876e-14 1.11812e-11 1.12138e-11 1.11317e-11 9.98964e-12 1.24067e-11
11.2202 4.96457e-14 4.92575e-14 4.39388e-14 5.52262e-14 4.9465e-14 9.97719e-12 1.00136e-11 9.93534e-12 8.86254e-12 1.11392e-11
12.5893 3.51221e-14 3.48679e-14 3.07961e-14 3.925e-14 3.49653e-14 8.87865e-12 8.91848e-12 8.85393e-12 7.81999e-12 9.96666e-12
14.1254 2.47824e-14 2.457e-14 2.15305e-14 2.7877e-14 2.46487e-14 7.87961e-12 7.92234e-12 7.85446e-12 6.8828e-12 8.91161e-12
15.8489 1.7441e-14 1.7243e-14 1.50322e-14 1.97324e-14 1.73289e-14 6.97399e-12 7.01911e-12 6.93942e-12 6.04971e-12 7.94126e-12
17.7828 1.22425e-14 1.20885e-14 1.0464e-14 1.3984e-14 1.21497e-14 6.15569e-12 6.2027e-12 6.12467e-12 5.30164e-12 7.08501e-12
19.9526 8.57122e-15 8.46726e-15 7.2737e-15 9.86257e-15 8.49534e-15 5.41865e-12 5.46705e-12 5.40074e-12 4.63944e-12 6.29072e-12
22.3872 5.98537e-15 5.90803e-15 5.03403e-15 6.94194e-15 5.92399e-15 4.75691e-12 4.8062e-12 4.74409e-12 4.04228e-12 5.57431e-12
25.1189 4.16888e-15 4.1157e-15 3.47424e-15 4.86991e-15 4.11971e-15 4.16464e-12 4.21434e-12 4.16058e-12 3.51213e-12 4.92301e-12
28.1838 2.89622e-15 2.8498e-15 2.38782e-15 3.40759e-15 2.85718e-15 3.6362e-12 3.68589e-12 3.6268e-12 3.03887e-12 4.33668e-12
31.6228 2.00692e-15 1.97077e-15 1.63403e-15 2.37626e-15 1.97619e-15 3.1662e-12 3.21545e-12 3.15752e-12 2.618e-12 3.80718e-12
35.4813 1.38714e-15 1.35986e-15 1.11537e-15 1.65727e-15 1.36313e-15 2.74946e-12 2.7979e-12 2.74287e-12 2.24973e-12 3.34275e-12
39.8107 9.56328e-16 9.3514e-16 7.58807e-16 1.15141e-15 9.37704e-16 2.38109e-12 2.42838e-12 2.37458e-12 1.92682e-12 2.92376e-12
44.6684 6.57645e-16 6.4135e-16 5.14058e-16 7.98999e-16 6.43299e-16 2.05647e-12 2.10234e-12 2.05025e-12 1.64332e-12 2.55421e-12
50.1187 4.51107e-16 4.38016e-16 3.47948e-16 5.53174e-16 4.40128e-16 1.77129e-12 1.81547e-12 1.76279e-12 1.40031e-12 2.22624e-12
56.2341 3.08656e-16 2.98669e-16 2.34592e-16 3.82137e-16 3.00306e-16 1.52151e-12 1.56381e-12 1.51321e-12 1.18856e-12 1.93611e-12
63.0957 2.10659e-16 2.02902e-16 1.57524e-16 2.62973e-16 2.04347e-16 1.3034e-12 1.34367e-12 1.29419e-12 1.00475e-12 1.67734e-12
70.7946 1.43418e-16 1.3766e-16 1.05395e-16 1.80462e-16 1.38673e-16 1.11353e-12 1.15163e-12 1.1054e-12 8.46312e-13 1.44909e-12
79.4328 9.73972e-17 9.32101e-17 7.03641e-17 1.23545e-16 9.38496e-17 9.4873e-13 9.84593e-13 9.42265e-13 7.11315e-13 1.24892e-12
89.1251 6.59804e-17 6.28831e-17 4.67861e-17 8.44499e-17 6.33422e-17 8.06127e-13 8.39702e-13 8.00284e-13 5.95425e-13 1.07475e-12
100 4.45875e-17 4.22297e-17 3.10134e-17 5.75857e-17 4.26356e-17 6.83098e-13 7.1437e-13 6.76595e-13 4.96889e-13 9.22625e-13
