results/errorbands/sed_fact.ecsv
# %ECSV 0.9
# ---
# datatype:
# - {name: energy, unit: TeV, datatype: float64, format: 3g}
# - {name: dnde_mean, unit: 1 / (cm2 s TeV), datatype: float64, format: 3g}
# - {name: dnde_median, unit: 1 / (cm2 s TeV), datatype: float64, format: 3g}
# - {name: dnde_lo, unit: 1 / (cm2 s TeV), datatype: float64, format: 3g}
# - {name: dnde_hi, unit: 1 / (cm2 s TeV), datatype: float64, format: 3g}
# - {name: dnde_fit, unit: 1 / (cm2 s TeV), datatype: float64, format: 3g}
# - {name: e2dnde_fit, unit: erg / (cm2 s), datatype: float64, format: 3g}
# - {name: e2dnde_mean, unit: erg / (cm2 s), datatype: float64, format: 3g}
# - {name: e2dnde_median, unit: erg / (cm2 s), datatype: float64, format: 3g}
# - {name: e2dnde_lo, unit: erg / (cm2 s), datatype: float64, format: 3g}
# - {name: e2dnde_hi, unit: erg / (cm2 s), datatype: float64, format: 3g}
# schema: astropy-2.0
energy dnde_mean dnde_median dnde_lo dnde_hi dnde_fit e2dnde_fit e2dnde_mean e2dnde_median e2dnde_lo e2dnde_hi
0.01 1.78531e-05 8.52044e-08 2.36023e-09 3.29207e-06 8.44497e-08 1.35303e-11 2.86038e-09 1.36512e-11 3.7815e-13 5.27448e-10
0.0112202 1.11955e-05 7.70778e-08 2.49398e-09 2.57598e-06 7.64606e-08 1.54223e-11 2.25816e-09 1.55467e-11 5.03042e-13 5.19581e-10
0.0125893 7.08248e-06 7.02267e-08 2.60218e-09 1.98044e-06 6.88894e-08 1.74929e-11 1.79844e-09 1.78325e-11 6.60767e-13 5.02889e-10
0.0141254 4.52089e-06 6.29118e-08 2.6926e-09 1.51726e-06 6.1765e-08 1.97448e-11 1.44522e-09 2.01114e-11 8.60761e-13 4.85033e-10
0.0158489 2.91234e-06 5.59139e-08 2.77083e-09 1.15185e-06 5.51072e-08 2.21778e-11 1.17207e-09 2.25025e-11 1.11512e-12 4.63562e-10
0.0177828 1.8937e-06 4.91656e-08 2.84401e-09 8.71733e-07 4.89271e-08 2.4789e-11 9.59448e-10 2.49099e-11 1.44092e-12 4.41666e-10
0.0199526 1.24305e-06 4.37198e-08 2.88413e-09 6.61304e-07 4.32281e-08 2.75725e-11 7.92867e-10 2.78862e-11 1.83961e-12 4.21805e-10
0.0223872 8.23801e-07 3.86571e-08 2.89487e-09 5.1114e-07 3.80065e-08 3.05189e-11 6.61504e-10 3.10413e-11 2.32456e-12 4.1044e-10
0.0251189 5.51232e-07 3.43029e-08 2.86152e-09 3.95672e-07 3.32526e-08 3.36152e-11 5.57243e-10 3.4677e-11 2.89272e-12 3.99987e-10
0.0281838 3.7242e-07 2.99349e-08 2.79238e-09 3.05162e-07 2.89513e-08 3.6845e-11 4.73962e-10 3.80968e-11 3.55373e-12 3.88366e-10
0.0316228 2.54042e-07 2.57624e-08 2.72667e-09 2.32222e-07 2.50834e-08 4.0188e-11 4.07021e-10 4.12759e-11 4.36861e-12 3.72061e-10
0.0354813 1.74951e-07 2.21523e-08 2.66711e-09 1.74971e-07 2.16262e-08 4.36204e-11 3.52881e-10 4.46816e-11 5.37962e-12 3.5292e-10
0.0398107 1.21621e-07 1.90828e-08 2.60406e-09 1.34028e-07 1.85545e-08 4.7115e-11 3.08829e-10 4.84565e-11 6.61245e-12 3.40333e-10
0.0446684 8.53286e-08 1.65012e-08 2.46087e-09 1.02372e-07 1.58414e-08 5.06411e-11 2.72775e-10 5.27503e-11 7.86683e-12 3.27258e-10
0.0501187 6.04047e-08 1.39716e-08 2.29857e-09 7.84316e-08 1.3459e-08 5.41656e-11 2.43098e-10 5.62286e-11 9.25056e-12 3.15647e-10
0.0562341 4.31326e-08 1.16652e-08 2.15839e-09 6.07097e-08 1.13791e-08 5.76526e-11 2.18533e-10 5.91018e-11 1.09356e-11 3.07587e-10
0.0630957 3.1056e-08 9.75616e-09 2.01041e-09 4.62613e-08 9.57368e-09 6.10646e-11 1.98087e-10 6.22285e-11 1.28232e-11 2.95072e-10
0.0707946 2.2538e-08 8.14044e-09 1.85559e-09 3.50209e-08 8.0154e-09 6.43629e-11 1.80978e-10 6.53669e-11 1.49002e-11 2.81215e-10
0.0794328 1.64785e-08 6.7941e-09 1.70668e-09 2.61611e-08 6.678e-09 6.75082e-11 1.66582e-10 6.86819e-11 1.72529e-11 2.64464e-10
0.0891251 1.21322e-08 5.65032e-09 1.55773e-09 1.97936e-08 5.5366e-09 7.04618e-11 1.54401e-10 7.1909e-11 1.98245e-11 2.51904e-10
0.1 8.98975e-09 4.68235e-09 1.41766e-09 1.48763e-08 4.56789e-09 7.31857e-11 1.44032e-10 7.50195e-11 2.27135e-11 2.38345e-10
0.112202 6.70038e-09 3.82171e-09 1.29269e-09 1.12277e-08 3.75028e-09 7.56439e-11 1.35148e-10 7.70846e-11 2.60739e-11 2.26466e-10
0.125893 5.02042e-09 3.11646e-09 1.15951e-09 8.47493e-09 3.06398e-09 7.78031e-11 1.27482e-10 7.91355e-11 2.94432e-11 2.15202e-10
0.141254 3.77924e-09 2.52458e-09 1.02263e-09 6.38206e-09 2.49107e-09 7.96334e-11 1.20813e-10 8.07048e-11 3.26912e-11 2.04019e-10
0.158489 2.85644e-09 2.04929e-09 8.87654e-10 4.76977e-09 2.01539e-09 8.11091e-11 1.14957e-10 8.24736e-11 3.57235e-11 1.91959e-10
0.177828 2.16635e-09 1.64775e-09 7.72487e-10 3.52297e-09 1.62259e-09 8.22089e-11 1.09759e-10 8.34839e-11 3.91382e-11 1.78492e-10
0.199526 1.64757e-09 1.31861e-09 6.65943e-10 2.60485e-09 1.29997e-09 8.2917e-11 1.05088e-10 8.41058e-11 4.24764e-11 1.66147e-10
0.223872 1.25573e-09 1.05445e-09 5.67369e-10 1.94482e-09 1.03641e-09 8.32231e-11 1.00834e-10 8.46713e-11 4.55592e-11 1.56167e-10
0.251189 9.58576e-10 8.34442e-10 4.77443e-10 1.4505e-09 8.2226e-10 8.31227e-11 9.69029e-11 8.43541e-11 4.8265e-11 1.46632e-10
0.281838 7.32436e-10 6.59461e-10 3.97615e-10 1.07546e-09 6.49173e-10 8.26172e-11 9.32138e-11 8.39266e-11 5.06027e-11 1.36869e-10
0.316228 5.59854e-10 5.17846e-10 3.31238e-10 7.93474e-10 5.10019e-10 8.17141e-11 8.96985e-11 8.2968e-11 5.30701e-11 1.27129e-10
0.354813 4.27857e-10 4.04869e-10 2.73338e-10 5.93212e-10 3.98739e-10 8.04265e-11 8.62997e-11 8.16629e-11 5.51328e-11 1.19652e-10
0.398107 3.26745e-10 3.13223e-10 2.24755e-10 4.36359e-10 3.10217e-10 7.87728e-11 8.29698e-11 7.9536e-11 5.70716e-11 1.10804e-10
0.446684 2.49221e-10 2.40231e-10 1.82367e-10 3.22633e-10 2.4017e-10 7.67766e-11 7.96702e-11 7.67962e-11 5.82982e-11 1.03138e-10
0.501187 1.89766e-10 1.85038e-10 1.46066e-10 2.37656e-10 1.85032e-10 7.44659e-11 7.6371e-11 7.44684e-11 5.87842e-11 9.56442e-11
0.562341 1.44183e-10 1.4145e-10 1.16783e-10 1.72469e-10 1.41857e-10 7.18722e-11 7.30505e-11 7.16659e-11 5.91685e-11 8.73819e-11
0.630957 1.09267e-10 1.07084e-10 9.25255e-11 1.2744e-10 1.08225e-10 6.90303e-11 6.96944e-11 6.83024e-11 5.90163e-11 8.12859e-11
0.707946 8.25609e-11 8.10728e-11 7.22847e-11 9.38203e-11 8.21644e-11 6.59772e-11 6.62956e-11 6.51007e-11 5.80439e-11 7.53368e-11
0.794328 6.21759e-11 6.17184e-11 5.59921e-11 6.92602e-11 6.20745e-11 6.27515e-11 6.2854e-11 6.23914e-11 5.66027e-11 7.00155e-11
0.891251 4.66544e-11 4.6482e-11 4.28521e-11 5.0794e-11 4.6668e-11 5.93922e-11 5.9375e-11 5.91556e-11 5.45358e-11 6.46432e-11
1 3.4871e-11 3.48152e-11 3.23401e-11 3.75067e-11 3.4914e-11 5.59384e-11 5.58695e-11 5.57801e-11 5.18145e-11 6.00924e-11
1.12202 2.59555e-11 2.59371e-11 2.42517e-11 2.765e-11 2.59929e-11 5.24283e-11 5.23528e-11 5.23156e-11 4.89161e-11 5.57706e-11
1.25893 1.92352e-11 1.92457e-11 1.78564e-11 2.05131e-11 1.92569e-11 4.88987e-11 4.88437e-11 4.88702e-11 4.53425e-11 5.20885e-11
1.41254 1.41904e-11 1.4203e-11 1.31487e-11 1.52374e-11 1.41969e-11 4.53841e-11 4.53633e-11 4.54037e-11 4.20333e-11 4.87103e-11
1.58489 1.04198e-11 1.03907e-11 9.56645e-12 1.12409e-11 1.04154e-11 4.19166e-11 4.19343e-11 4.18171e-11 3.85e-11 4.52388e-11
1.77828 7.61465e-12 7.57719e-12 6.94793e-12 8.26798e-12 7.60385e-12 3.85251e-11 3.85798e-11 3.83901e-11 3.52019e-11 4.18899e-11
1.99526 5.53782e-12 5.50124e-12 5.03996e-12 6.06582e-12 5.52417e-12 3.52352e-11 3.53224e-11 3.5089e-11 3.21468e-11 3.86901e-11
2.23872 4.0079e-12 3.97824e-12 3.63862e-12 4.37862e-12 3.9937e-12 3.2069e-11 3.2183e-11 3.19449e-11 2.92177e-11 3.51599e-11
2.51189 2.8866e-12 2.86446e-12 2.62173e-12 3.17232e-12 2.87316e-12 2.90449e-11 2.91808e-11 2.89569e-11 2.65032e-11 3.20692e-11
2.81838 2.06905e-12 2.05539e-12 1.87425e-12 2.27823e-12 2.05693e-12 2.61776e-11 2.63319e-11 2.61581e-11 2.38527e-11 2.8994e-11
3.16228 1.47608e-12 1.46767e-12 1.32709e-12 1.62239e-12 1.46539e-12 2.34782e-11 2.36494e-11 2.35147e-11 2.12623e-11 2.59935e-11
3.54813 1.04822e-12 1.04577e-12 9.40738e-13 1.1549e-12 1.03888e-12 2.09543e-11 2.11429e-11 2.10934e-11 1.89749e-11 2.32945e-11
3.98107 7.41096e-13 7.3682e-13 6.56873e-13 8.24801e-13 7.32908e-13 1.86106e-11 1.88185e-11 1.87099e-11 1.66798e-11 2.0944e-11
4.46684 5.21745e-13 5.17236e-13 4.56463e-13 5.87178e-13 5.1453e-13 1.64483e-11 1.6679e-11 1.65348e-11 1.4592e-11 1.87707e-11
5.01187 3.65854e-13 3.62612e-13 3.14354e-13 4.18827e-13 3.59457e-13 1.44663e-11 1.47237e-11 1.45933e-11 1.26511e-11 1.68556e-11
5.62341 2.55587e-13 2.52063e-13 2.14292e-13 2.98627e-13 2.49896e-13 1.2661e-11 1.29494e-11 1.27709e-11 1.08572e-11 1.513e-11
6.30957 1.77945e-13 1.75328e-13 1.44027e-13 2.11291e-13 1.7288e-13 1.1027e-11 1.135e-11 1.11831e-11 9.18662e-12 1.34769e-11
7.07946 1.23509e-13 1.20329e-13 9.59591e-14 1.50846e-13 1.19017e-13 9.55694e-12 9.91764e-12 9.66228e-12 7.70542e-12 1.21128e-11
7.94328 8.54937e-14 8.20255e-14 6.30101e-14 1.06012e-13 8.15355e-14 8.24247e-12 8.6426e-12 8.292e-12 6.36972e-12 1.07168e-11
8.91251 5.90434e-14 5.59859e-14 4.11922e-14 7.57235e-14 5.55853e-14 7.07409e-12 7.51418e-12 7.12507e-12 5.24234e-12 9.63699e-12
10 4.07002e-14 3.78992e-14 2.67328e-14 5.39791e-14 3.77094e-14 6.04171e-12 6.5209e-12 6.07212e-12 4.28307e-12 8.6484e-12
11.2202 2.80163e-14 2.56792e-14 1.71495e-14 3.89468e-14 2.54574e-14 5.13481e-12 5.65094e-12 5.17955e-12 3.45908e-12 7.85565e-12
12.5893 1.92673e-14 1.73533e-14 1.09882e-14 2.77692e-14 1.71023e-14 4.34274e-12 4.89249e-12 4.4065e-12 2.79022e-12 7.05136e-12
14.1254 1.32447e-14 1.15991e-14 6.94412e-15 1.98021e-14 1.14332e-14 3.65493e-12 4.23402e-12 3.70795e-12 2.21987e-12 6.33025e-12
15.8489 9.10544e-15 7.66881e-15 4.3339e-15 1.40885e-14 7.60605e-15 3.06104e-12 3.66447e-12 3.0863e-12 1.74417e-12 5.6699e-12
17.7828 6.26357e-15 5.05897e-15 2.69467e-15 9.90538e-15 5.0353e-15 2.55115e-12 3.17345e-12 2.56314e-12 1.36526e-12 5.01859e-12
19.9526 4.31354e-15 3.33519e-15 1.64904e-15 7.16561e-15 3.31716e-15 2.11581e-12 2.75134e-12 2.12731e-12 1.05182e-12 4.5705e-12
22.3872 2.97553e-15 2.17902e-15 1.01002e-15 5.00248e-15 2.17462e-15 1.7462e-12 2.38932e-12 1.74973e-12 8.11039e-13 4.01694e-12
25.1189 2.05701e-15 1.41556e-15 6.20628e-16 3.60235e-15 1.41865e-15 1.43412e-12 2.07944e-12 1.43099e-12 6.27396e-13 3.64163e-12
28.1838 1.42584e-15 9.18528e-16 3.73743e-16 2.5469e-15 9.20966e-16 1.17207e-12 1.81459e-12 1.16897e-12 4.75646e-13 3.24132e-12
31.6228 9.9145e-16 5.91121e-16 2.23334e-16 1.80256e-15 5.94958e-16 9.53228e-13 1.58848e-12 9.4708e-13 3.5782e-13 2.88802e-12
35.4813 6.91894e-16 3.82236e-16 1.32723e-16 1.27446e-15 3.82477e-16 7.71464e-13 1.39556e-12 7.70979e-13 2.67704e-13 2.57062e-12
39.8107 4.84799e-16 2.44289e-16 7.82908e-17 8.90869e-16 2.4468e-16 6.21311e-13 1.23104e-12 6.20318e-13 1.98802e-13 2.26217e-12
44.6684 3.41199e-16 1.56981e-16 4.57574e-17 6.23589e-16 1.55764e-16 4.97942e-13 1.09073e-12 5.0183e-13 1.46275e-13 1.99346e-12
50.1187 2.41288e-16 9.98829e-17 2.62877e-17 4.42977e-16 9.86763e-17 3.97122e-13 9.71059e-13 4.01977e-13 1.05794e-13 1.78275e-12
56.2341 1.71507e-16 6.26678e-17 1.50117e-17 3.0487e-16 6.22061e-17 3.15169e-13 8.68946e-13 3.17508e-13 7.60573e-14 1.54463e-12
63.0957 1.22567e-16 3.89616e-17 8.62047e-18 2.11703e-16 3.90237e-17 2.48908e-13 7.81779e-13 2.48512e-13 5.49846e-14 1.35032e-12
70.7946 8.80878e-17 2.44605e-17 4.82329e-18 1.47586e-16 2.43613e-17 1.95619e-13 7.07337e-13 1.96415e-13 3.87306e-14 1.1851e-12
79.4328 6.36797e-17 1.54339e-17 2.71157e-18 1.02578e-16 1.51337e-17 1.52988e-13 6.43741e-13 1.56022e-13 2.74114e-14 1.03697e-12
89.1251 4.63133e-17 9.59799e-18 1.50835e-18 7.10764e-17 9.35552e-18 1.19063e-13 5.89408e-13 1.22149e-13 1.91961e-14 9.04557e-13
100 3.38916e-17 5.91992e-18 8.41308e-19 4.92814e-17 5.75526e-18 9.22095e-14 5.43004e-13 9.48475e-14 1.34792e-14 7.89576e-13
