results/errorbands/sed_fermi.ecsv
# %ECSV 0.9
# ---
# datatype:
# - {name: energy, unit: TeV, datatype: float64, format: 3g}
# - {name: dnde_mean, unit: 1 / (cm2 s TeV), datatype: float64, format: 3g}
# - {name: dnde_median, unit: 1 / (cm2 s TeV), datatype: float64, format: 3g}
# - {name: dnde_lo, unit: 1 / (cm2 s TeV), datatype: float64, format: 3g}
# - {name: dnde_hi, unit: 1 / (cm2 s TeV), datatype: float64, format: 3g}
# - {name: dnde_fit, unit: 1 / (cm2 s TeV), datatype: float64, format: 3g}
# - {name: e2dnde_fit, unit: erg / (cm2 s), datatype: float64, format: 3g}
# - {name: e2dnde_mean, unit: erg / (cm2 s), datatype: float64, format: 3g}
# - {name: e2dnde_median, unit: erg / (cm2 s), datatype: float64, format: 3g}
# - {name: e2dnde_lo, unit: erg / (cm2 s), datatype: float64, format: 3g}
# - {name: e2dnde_hi, unit: erg / (cm2 s), datatype: float64, format: 3g}
# schema: astropy-2.0
energy dnde_mean dnde_median dnde_lo dnde_hi dnde_fit e2dnde_fit e2dnde_mean e2dnde_median e2dnde_lo e2dnde_hi
0.01 6.5924e-07 6.26217e-07 4.53413e-07 8.84971e-07 6.36369e-07 1.01957e-10 1.05622e-10 1.00331e-10 7.26447e-11 1.41788e-10
0.0112202 5.28356e-07 5.06801e-07 3.77566e-07 6.93747e-07 5.15345e-07 1.03946e-10 1.06571e-10 1.02223e-10 7.61558e-11 1.3993e-10
0.0125893 4.23339e-07 4.1036e-07 3.13855e-07 5.40988e-07 4.16682e-07 1.05807e-10 1.07498e-10 1.04202e-10 7.96966e-11 1.37372e-10
0.0141254 3.39062e-07 3.31531e-07 2.60441e-07 4.21506e-07 3.36378e-07 1.07532e-10 1.0839e-10 1.05983e-10 8.32568e-11 1.34746e-10
0.0158489 2.71425e-07 2.67271e-07 2.15421e-07 3.2918e-07 2.71125e-07 1.09114e-10 1.09235e-10 1.07563e-10 8.66958e-11 1.32478e-10
0.0177828 2.17149e-07 2.14109e-07 1.77555e-07 2.56493e-07 2.18186e-07 1.10545e-10 1.10019e-10 1.08479e-10 8.99589e-11 1.29953e-10
0.0199526 1.73604e-07 1.72157e-07 1.45898e-07 2.00776e-07 1.75309e-07 1.11819e-10 1.10731e-10 1.09808e-10 9.30595e-11 1.28063e-10
0.0223872 1.38681e-07 1.3819e-07 1.19326e-07 1.56949e-07 1.40636e-07 1.12929e-10 1.11359e-10 1.10965e-10 9.58179e-11 1.26029e-10
0.0251189 1.10684e-07 1.10641e-07 9.75132e-08 1.23617e-07 1.12644e-07 1.13872e-10 1.11891e-10 1.11848e-10 9.85765e-11 1.24965e-10
0.0281838 8.82536e-08 8.84419e-08 7.92699e-08 9.72651e-08 9.00814e-08 1.14642e-10 1.12316e-10 1.12556e-10 1.00883e-10 1.23785e-10
0.0316228 7.0295e-08 7.05552e-08 6.4096e-08 7.63469e-08 7.1925e-08 1.15237e-10 1.12625e-10 1.13042e-10 1.02693e-10 1.22321e-10
0.0354813 5.5928e-08 5.61732e-08 5.19345e-08 5.99769e-08 5.7338e-08 1.15652e-10 1.12808e-10 1.13302e-10 1.04753e-10 1.20975e-10
0.0398107 4.44445e-08 4.48126e-08 4.18731e-08 4.71095e-08 4.56375e-08 1.15886e-10 1.12857e-10 1.13792e-10 1.06327e-10 1.19624e-10
0.0446684 3.52749e-08 3.55982e-08 3.36259e-08 3.706e-08 3.62676e-08 1.15939e-10 1.12765e-10 1.13799e-10 1.07494e-10 1.18472e-10
0.0501187 2.79606e-08 2.82775e-08 2.6862e-08 2.91987e-08 2.87762e-08 1.1581e-10 1.12527e-10 1.13802e-10 1.08106e-10 1.1751e-10
0.0562341 2.2133e-08 2.24254e-08 2.12472e-08 2.30403e-08 2.27964e-08 1.15498e-10 1.12137e-10 1.13619e-10 1.0765e-10 1.16734e-10
0.0630957 1.74955e-08 1.76992e-08 1.67135e-08 1.82005e-08 1.80308e-08 1.15007e-10 1.11593e-10 1.12892e-10 1.06605e-10 1.1609e-10
0.0707946 1.38099e-08 1.39534e-08 1.31559e-08 1.44127e-08 1.42391e-08 1.14338e-10 1.10892e-10 1.12045e-10 1.05641e-10 1.15732e-10
0.0794328 1.08848e-08 1.09807e-08 1.0381e-08 1.14169e-08 1.1227e-08 1.13495e-10 1.10035e-10 1.11004e-10 1.04942e-10 1.15414e-10
0.0891251 8.56644e-09 8.63607e-09 8.13059e-09 9.04756e-09 8.83824e-09 1.1248e-10 1.09021e-10 1.09907e-10 1.03474e-10 1.15144e-10
0.1 6.73171e-09 6.77212e-09 6.33791e-09 7.14786e-09 6.94679e-09 1.113e-10 1.07854e-10 1.08501e-10 1.01545e-10 1.14521e-10
0.112202 5.28188e-09 5.31332e-09 4.96844e-09 5.62811e-09 5.45155e-09 1.09959e-10 1.06537e-10 1.07171e-10 1.00214e-10 1.1352e-10
0.125893 4.13796e-09 4.15626e-09 3.87387e-09 4.4165e-09 4.27143e-09 1.08463e-10 1.05074e-10 1.05539e-10 9.83685e-11 1.12147e-10
0.141254 3.23681e-09 3.25017e-09 3.01397e-09 3.46287e-09 3.34152e-09 1.0682e-10 1.03473e-10 1.039e-10 9.63495e-11 1.107e-10
0.158489 2.52805e-09 2.53846e-09 2.34818e-09 2.71025e-09 2.60995e-09 1.05037e-10 1.01741e-10 1.0216e-10 9.45021e-11 1.09073e-10
0.177828 1.97148e-09 1.97871e-09 1.83163e-09 2.12086e-09 2.03534e-09 1.03121e-10 9.98855e-11 1.00252e-10 9.28003e-11 1.07454e-10
0.199526 1.53513e-09 1.54242e-09 1.42371e-09 1.65097e-09 1.58474e-09 1.01081e-10 9.79165e-11 9.83815e-11 9.08095e-11 1.05305e-10
0.223872 1.19359e-09 1.19818e-09 1.10785e-09 1.28537e-09 1.23197e-09 9.89257e-11 9.58442e-11 9.62131e-11 8.89592e-11 1.03214e-10
0.251189 9.26688e-10 9.28906e-10 8.58906e-10 1.0015e-09 9.56215e-10 9.66643e-11 9.36794e-11 9.39035e-11 8.68272e-11 1.01242e-10
0.281838 7.18446e-10 7.2192e-10 6.6623e-10 7.83317e-10 7.4102e-10 9.43062e-11 9.14334e-11 9.18754e-11 8.4788e-11 9.96891e-11
0.316228 5.56231e-10 5.60587e-10 5.13532e-10 6.09452e-10 5.73353e-10 9.18612e-11 8.9118e-11 8.98159e-11 8.22769e-11 9.7645e-11
0.354813 4.30066e-10 4.33592e-10 3.95745e-10 4.70719e-10 4.42926e-10 8.9339e-11 8.67451e-11 8.74565e-11 7.98226e-11 9.49451e-11
0.398107 3.3209e-10 3.34977e-10 3.02648e-10 3.65109e-10 3.41631e-10 8.67496e-11 8.4327e-11 8.506e-11 7.68508e-11 9.27113e-11
0.446684 2.5612e-10 2.57765e-10 2.29746e-10 2.85884e-10 2.63088e-10 8.4103e-11 8.18756e-11 8.24015e-11 7.34445e-11 9.13904e-11
0.501187 1.97299e-10 1.98617e-10 1.74254e-10 2.23539e-10 2.02284e-10 8.1409e-11 7.94028e-11 7.99332e-11 7.01283e-11 8.9963e-11
0.562341 1.5182e-10 1.52993e-10 1.31414e-10 1.74487e-10 1.55289e-10 7.86775e-11 7.69202e-11 7.75142e-11 6.65814e-11 8.84041e-11
0.630957 1.16705e-10 1.17861e-10 9.89779e-11 1.35459e-10 1.19024e-10 7.59183e-11 7.4439e-11 7.51762e-11 6.31319e-11 8.64012e-11
0.707946 8.96272e-11 9.02266e-11 7.41057e-11 1.05642e-10 9.10855e-11 7.31407e-11 7.19698e-11 7.24511e-11 5.95061e-11 8.48295e-11
0.794328 6.87728e-11 6.89494e-11 5.55434e-11 8.25411e-11 6.95952e-11 7.03542e-11 6.95228e-11 6.97013e-11 5.61491e-11 8.34412e-11
0.891251 5.27303e-11 5.26871e-11 4.15686e-11 6.4534e-11 5.30918e-11 6.75674e-11 6.71074e-11 6.70524e-11 5.29025e-11 8.21294e-11
1 4.04028e-11 4.03128e-11 3.08965e-11 5.03614e-11 4.04382e-11 6.47892e-11 6.47324e-11 6.45882e-11 4.95017e-11 8.06879e-11
1.12202 3.09396e-11 3.08642e-11 2.29062e-11 3.93283e-11 3.07521e-11 6.20276e-11 6.24059e-11 6.22538e-11 4.62023e-11 7.93261e-11
1.25893 2.3682e-11 2.35653e-11 1.68884e-11 3.06494e-11 2.33493e-11 5.92904e-11 6.01352e-11 5.98389e-11 4.28842e-11 7.78272e-11
1.41254 1.81204e-11 1.79513e-11 1.24002e-11 2.39621e-11 1.77007e-11 5.6585e-11 5.79267e-11 5.73861e-11 3.96404e-11 7.6601e-11
1.58489 1.38617e-11 1.36116e-11 9.08498e-12 1.87996e-11 1.33976e-11 5.39183e-11 5.57863e-11 5.47796e-11 3.65624e-11 7.56587e-11
1.77828 1.06027e-11 1.03322e-11 6.65036e-12 1.47212e-11 1.01246e-11 5.12965e-11 5.3719e-11 5.23484e-11 3.36942e-11 7.45856e-11
1.99526 8.11007e-12 7.77343e-12 4.84801e-12 1.152e-11 7.63917e-12 4.87255e-11 5.17291e-11 4.95819e-11 3.09225e-11 7.34791e-11
2.23872 6.20432e-12 5.84254e-12 3.52582e-12 8.93247e-12 5.75483e-12 4.62107e-11 4.98201e-11 4.69151e-11 2.8312e-11 7.17269e-11
2.51189 4.74774e-12 4.38433e-12 2.56775e-12 6.93608e-12 4.32849e-12 4.37569e-11 4.79951e-11 4.43214e-11 2.59575e-11 7.01171e-11
2.81838 3.63464e-12 3.28197e-12 1.86271e-12 5.40004e-12 3.25055e-12 4.13683e-11 4.62564e-11 4.17681e-11 2.37058e-11 6.87239e-11
3.16228 2.78408e-12 2.46657e-12 1.35215e-12 4.21325e-12 2.43722e-12 3.90486e-11 4.46059e-11 3.95188e-11 2.16638e-11 6.75036e-11
3.54813 2.13408e-12 1.86318e-12 9.69712e-13 3.28648e-12 1.82453e-12 3.68012e-11 4.30448e-11 3.75808e-11 1.95593e-11 6.6289e-11
3.98107 1.63724e-12 1.38792e-12 6.99152e-13 2.5841e-12 1.36372e-12 3.46286e-11 4.1574e-11 3.52433e-11 1.77534e-11 6.56176e-11
4.46684 1.25734e-12 1.03521e-12 5.05033e-13 2.01141e-12 1.01769e-12 3.25331e-11 4.01942e-11 3.30931e-11 1.61447e-11 6.42999e-11
5.01187 9.66718e-13 7.68779e-13 3.61773e-13 1.55916e-12 7.58267e-13 3.05163e-11 3.89054e-11 3.09394e-11 1.45595e-11 6.27483e-11
5.62341 7.44254e-13 5.72135e-13 2.56856e-13 1.21941e-12 5.64088e-13 2.85797e-11 3.77078e-11 2.89874e-11 1.30137e-11 6.17816e-11
6.30957 5.73832e-13 4.26036e-13 1.81984e-13 9.49397e-13 4.18976e-13 2.67239e-11 3.66012e-11 2.71742e-11 1.16076e-11 6.05562e-11
7.07946 4.43159e-13 3.16126e-13 1.28271e-13 7.36079e-13 3.10706e-13 2.49494e-11 3.55852e-11 2.53846e-11 1.03001e-11 5.91064e-11
7.94328 3.42857e-13 2.34032e-13 8.99238e-14 5.70126e-13 2.30052e-13 2.32561e-11 3.46596e-11 2.36584e-11 9.09044e-12 5.76343e-11
8.91251 2.65775e-13 1.7305e-13 6.2986e-14 4.44002e-13 1.70067e-13 2.16437e-11 3.3824e-11 2.20233e-11 8.01594e-12 5.65061e-11
10 2.06458e-13 1.27629e-13 4.41522e-14 3.44363e-13 1.25525e-13 2.01114e-11 3.30782e-11 2.04484e-11 7.07396e-12 5.5173e-11
11.2202 1.60743e-13 9.39577e-14 3.07929e-14 2.65392e-13 9.25041e-14 1.86583e-11 3.24221e-11 1.89515e-11 6.21099e-12 5.35302e-11
12.5893 1.25452e-13 6.92999e-14 2.15011e-14 2.03922e-13 6.80624e-14 1.72829e-11 3.18559e-11 1.75972e-11 5.45972e-12 5.17816e-11
14.1254 9.81612e-14 5.10898e-14 1.48779e-14 1.58091e-13 5.00001e-14 1.59838e-11 3.13798e-11 1.63322e-11 4.75612e-12 5.0538e-11
15.8489 7.70152e-14 3.73826e-14 1.02599e-14 1.23735e-13 3.66734e-14 1.47592e-11 3.09947e-11 1.50446e-11 4.1291e-12 4.97971e-11
17.7828 6.05969e-14 2.72339e-14 7.07041e-15 9.64076e-14 2.68565e-14 1.36069e-11 3.07016e-11 1.37981e-11 3.58224e-12 4.88452e-11
19.9526 4.78212e-14 1.99194e-14 4.85785e-15 7.49771e-14 1.96366e-14 1.25249e-11 3.05022e-11 1.27053e-11 3.09852e-12 4.78233e-11
22.3872 3.78567e-14 1.45084e-14 3.33481e-15 5.82027e-14 1.4335e-14 1.15109e-11 3.03986e-11 1.16501e-11 2.67782e-12 4.67362e-11
25.1189 3.00657e-14 1.06235e-14 2.28487e-15 4.52195e-14 1.04484e-14 1.05623e-11 3.03936e-11 1.07394e-11 2.30979e-12 4.57126e-11
28.1838 2.39584e-14 7.75784e-15 1.56105e-15 3.51038e-14 7.60355e-15 9.67669e-12 3.04907e-11 9.87305e-12 1.98667e-12 4.4675e-11
31.6228 1.91579e-14 5.64573e-15 1.06348e-15 2.73998e-14 5.52461e-15 8.85139e-12 3.06944e-11 9.04545e-12 1.70389e-12 4.38994e-11
35.4813 1.53741e-14 4.07547e-15 7.21131e-16 2.13268e-14 4.00778e-15 8.08377e-12 3.10098e-11 8.22032e-12 1.45454e-12 4.30166e-11
39.8107 1.23829e-14 2.95023e-15 4.90448e-16 1.66223e-14 2.90284e-15 7.37112e-12 3.14435e-11 7.49146e-12 1.24538e-12 4.22086e-11
44.6684 1.00111e-14 2.12541e-15 3.30558e-16 1.29549e-14 2.09923e-15 6.71074e-12 3.20031e-11 6.79444e-12 1.05672e-12 4.14139e-11
50.1187 8.12465e-15 1.52859e-15 2.22591e-16 1.00885e-14 1.5157e-15 6.09993e-12 3.26975e-11 6.15178e-12 8.95813e-13 4.06012e-11
56.2341 6.61944e-15 1.09749e-15 1.49457e-16 7.83057e-15 1.09266e-15 5.536e-12 3.35376e-11 5.56044e-12 7.57226e-13 3.96738e-11
63.0957 5.4145e-15 7.89226e-16 1.00657e-16 6.08523e-15 7.86457e-16 5.01632e-12 3.45357e-11 5.03398e-12 6.42029e-13 3.88139e-11
70.7946 4.44671e-15 5.68119e-16 6.77267e-17 4.7264e-15 5.65172e-16 4.53828e-12 3.57066e-11 4.56194e-12 5.43839e-13 3.79525e-11
79.4328 3.66675e-15 4.05808e-16 4.49587e-17 3.64093e-15 4.05513e-16 4.09935e-12 3.70674e-11 4.10233e-12 4.54489e-13 3.68064e-11
89.1251 3.03601e-15 2.91369e-16 2.97027e-17 2.84317e-15 2.905e-16 3.69705e-12 3.86379e-11 3.70812e-12 3.78012e-13 3.61837e-11
100 2.52416e-15 2.08889e-16 1.95646e-17 2.22628e-15 2.0778e-16 3.329e-12 4.04415e-11 3.34678e-12 3.13459e-13 3.56689e-11
