results/errorbands/sed_magic.ecsv
# %ECSV 0.9
# ---
# datatype:
# - {name: energy, unit: TeV, datatype: float64, format: 3g}
# - {name: dnde_mean, unit: 1 / (cm2 s TeV), datatype: float64, format: 3g}
# - {name: dnde_median, unit: 1 / (cm2 s TeV), datatype: float64, format: 3g}
# - {name: dnde_lo, unit: 1 / (cm2 s TeV), datatype: float64, format: 3g}
# - {name: dnde_hi, unit: 1 / (cm2 s TeV), datatype: float64, format: 3g}
# - {name: dnde_fit, unit: 1 / (cm2 s TeV), datatype: float64, format: 3g}
# - {name: e2dnde_fit, unit: erg / (cm2 s), datatype: float64, format: 3g}
# - {name: e2dnde_mean, unit: erg / (cm2 s), datatype: float64, format: 3g}
# - {name: e2dnde_median, unit: erg / (cm2 s), datatype: float64, format: 3g}
# - {name: e2dnde_lo, unit: erg / (cm2 s), datatype: float64, format: 3g}
# - {name: e2dnde_hi, unit: erg / (cm2 s), datatype: float64, format: 3g}
# schema: astropy-2.0
energy dnde_mean dnde_median dnde_lo dnde_hi dnde_fit e2dnde_fit e2dnde_mean e2dnde_median e2dnde_lo e2dnde_hi
0.01 1.42306e-07 1.11274e-07 5.84485e-08 2.33333e-07 1.11804e-07 1.79129e-11 2.28e-11 1.7828e-11 9.36448e-12 3.7384e-11
0.0112202 1.25644e-07 1.01236e-07 5.49962e-08 2.02763e-07 1.01351e-07 2.04427e-11 2.53426e-11 2.04195e-11 1.10929e-11 4.08978e-11
0.0125893 1.10611e-07 9.10046e-08 5.1455e-08 1.74533e-07 9.14086e-08 2.32112e-11 2.80873e-11 2.31086e-11 1.30659e-11 4.43189e-11
0.0141254 9.7084e-08 8.17564e-08 4.79172e-08 1.50309e-07 8.20227e-08 2.62207e-11 3.10355e-11 2.61356e-11 1.5318e-11 4.80501e-11
0.0158489 8.49452e-08 7.30973e-08 4.43497e-08 1.28797e-07 7.32264e-08 2.94699e-11 3.41861e-11 2.94179e-11 1.78485e-11 5.18342e-11
0.0177828 7.40838e-08 6.50255e-08 4.0806e-08 1.1012e-07 6.50414e-08 3.29534e-11 3.75348e-11 3.29453e-11 2.06745e-11 5.57928e-11
0.0199526 6.43951e-08 5.75352e-08 3.72099e-08 9.35516e-08 5.74776e-08 3.66614e-11 4.10737e-11 3.66981e-11 2.37339e-11 5.96708e-11
0.0223872 5.57803e-08 5.05864e-08 3.36404e-08 7.89978e-08 5.05353e-08 4.05794e-11 4.4791e-11 4.06204e-11 2.70129e-11 6.34345e-11
0.0251189 4.81458e-08 4.43654e-08 3.02798e-08 6.63599e-08 4.42058e-08 4.46879e-11 4.86709e-11 4.48492e-11 3.061e-11 6.70836e-11
0.0281838 4.1404e-08 3.85758e-08 2.71971e-08 5.62797e-08 3.84725e-08 4.89622e-11 5.26929e-11 4.90937e-11 3.46126e-11 7.16246e-11
0.0316228 3.5472e-08 3.34371e-08 2.42343e-08 4.68591e-08 3.33127e-08 5.33729e-11 5.68323e-11 5.35722e-11 3.88277e-11 7.50765e-11
0.0354813 3.02723e-08 2.87974e-08 2.14761e-08 3.9103e-08 2.86983e-08 5.78851e-11 6.10598e-11 5.80849e-11 4.33177e-11 7.88715e-11
0.0398107 2.57323e-08 2.46944e-08 1.89254e-08 3.25811e-08 2.45975e-08 6.24599e-11 6.53414e-11 6.27061e-11 4.80568e-11 8.27324e-11
0.0446684 2.17844e-08 2.10792e-08 1.65639e-08 2.703e-08 2.09755e-08 6.70537e-11 6.96394e-11 6.73853e-11 5.29509e-11 8.64084e-11
0.0501187 1.83656e-08 1.7902e-08 1.44349e-08 2.24141e-08 1.7796e-08 7.16196e-11 7.3912e-11 7.20465e-11 5.80931e-11 9.02053e-11
0.0562341 1.54177e-08 1.51043e-08 1.24695e-08 1.83887e-08 1.50217e-08 7.61077e-11 7.81144e-11 7.65261e-11 6.31769e-11 9.3167e-11
0.0630957 1.28871e-08 1.26371e-08 1.06621e-08 1.50307e-08 1.26154e-08 8.0466e-11 8.2199e-11 8.06039e-11 6.80067e-11 9.58714e-11
0.0707946 1.07245e-08 1.05648e-08 9.11037e-09 1.22546e-08 1.05408e-08 8.46417e-11 8.61167e-11 8.48342e-11 7.31554e-11 9.84031e-11
0.0794328 8.88485e-09 8.79105e-09 7.71636e-09 9.99537e-09 8.7626e-09 8.85816e-11 8.98174e-11 8.88692e-11 7.80051e-11 1.01044e-10
0.0891251 7.32732e-09 7.27674e-09 6.50652e-09 8.11717e-09 7.24736e-09 9.22338e-11 9.32514e-11 9.26077e-11 8.28055e-11 1.03303e-10
0.1 6.01496e-09 5.99995e-09 5.44307e-09 6.55298e-09 5.96367e-09 9.55486e-11 9.63703e-11 9.61297e-11 8.72076e-11 1.0499e-10
0.112202 4.91458e-09 4.92068e-09 4.51433e-09 5.30292e-09 4.88242e-09 9.84795e-11 9.91282e-11 9.92512e-11 9.1055e-11 1.06961e-10
0.125893 3.99652e-09 3.99739e-09 3.72353e-09 4.26939e-09 3.9769e-09 1.00985e-10 1.01483e-10 1.01505e-10 9.45509e-11 1.08412e-10
0.141254 3.2344e-09 3.23398e-09 3.04853e-09 3.41603e-09 3.22286e-09 1.03027e-10 1.03396e-10 1.03383e-10 9.74542e-11 1.09202e-10
0.158489 2.60498e-09 2.60669e-09 2.47677e-09 2.7214e-09 2.59852e-09 1.04577e-10 1.04837e-10 1.04906e-10 9.96774e-11 1.09522e-10
0.177828 2.08781e-09 2.08834e-09 2.00087e-09 2.17419e-09 2.08448e-09 1.05611e-10 1.0578e-10 1.05806e-10 1.01375e-10 1.10156e-10
0.199526 1.6651e-09 1.66393e-09 1.60197e-09 1.72702e-09 1.66363e-09 1.06112e-10 1.06206e-10 1.06132e-10 1.0218e-10 1.10156e-10
0.223872 1.3214e-09 1.31763e-09 1.27154e-09 1.37013e-09 1.321e-09 1.06075e-10 1.06107e-10 1.05805e-10 1.02103e-10 1.1002e-10
0.251189 1.04343e-09 1.04168e-09 1.00524e-09 1.08331e-09 1.04361e-09 1.05499e-10 1.0548e-10 1.05303e-10 1.0162e-10 1.09513e-10
0.281838 8.19805e-10 8.17902e-10 7.86519e-10 8.53351e-10 8.20273e-10 1.04392e-10 1.04333e-10 1.04091e-10 1.00097e-10 1.08602e-10
0.316228 6.40875e-10 6.40543e-10 6.1165e-10 6.68392e-10 6.41457e-10 1.02773e-10 1.0268e-10 1.02626e-10 9.79971e-11 1.07088e-10
0.354813 4.98474e-10 4.98636e-10 4.74468e-10 5.21797e-10 4.99073e-10 1.00664e-10 1.00543e-10 1.00576e-10 9.57011e-11 1.05248e-10
0.398107 3.85757e-10 3.86127e-10 3.65943e-10 4.04495e-10 3.86321e-10 9.80977e-11 9.79545e-11 9.80484e-11 9.29231e-11 1.02712e-10
0.446684 2.97019e-10 2.97219e-10 2.80685e-10 3.11759e-10 2.97523e-10 9.5111e-11 9.49499e-11 9.50138e-11 8.97285e-11 9.96618e-11
0.501187 2.27538e-10 2.27419e-10 2.15243e-10 2.38929e-10 2.27971e-10 9.17465e-11 9.15722e-11 9.15246e-11 8.66242e-11 9.61568e-11
0.562341 1.73429e-10 1.73376e-10 1.63838e-10 1.82434e-10 1.7379e-10 8.80514e-11 8.78684e-11 8.78413e-11 8.30092e-11 9.24306e-11
0.630957 1.31521e-10 1.31502e-10 1.24578e-10 1.38509e-10 1.31814e-10 8.40757e-11 8.38891e-11 8.38773e-11 7.94604e-11 8.83465e-11
0.707946 9.92377e-11 9.90662e-11 9.36905e-11 1.04782e-10 9.94676e-11 7.98716e-11 7.96869e-11 7.95492e-11 7.52326e-11 8.41386e-11
0.794328 7.45032e-11 7.42785e-11 7.02484e-11 7.87653e-11 7.46777e-11 7.54921e-11 7.53157e-11 7.50885e-11 7.10144e-11 7.96242e-11
0.891251 5.56544e-11 5.53936e-11 5.22912e-11 5.90418e-11 5.57812e-11 7.09901e-11 7.08289e-11 7.04969e-11 6.65486e-11 7.51398e-11
1 4.13678e-11 4.11373e-11 3.88009e-11 4.40899e-11 4.14545e-11 6.64175e-11 6.62786e-11 6.59093e-11 6.21659e-11 7.06398e-11
1.12202 3.05969e-11 3.04854e-11 2.85839e-11 3.26723e-11 3.06509e-11 6.18235e-11 6.17145e-11 6.14896e-11 5.76543e-11 6.59006e-11
1.25893 2.25195e-11 2.24034e-11 2.09776e-11 2.42242e-11 2.25477e-11 5.7255e-11 5.71833e-11 5.68885e-11 5.3268e-11 6.1512e-11
1.41254 1.6494e-11 1.6357e-11 1.52e-11 1.79119e-11 1.65025e-11 5.27545e-11 5.27274e-11 5.22895e-11 4.85906e-11 5.72599e-11
1.58489 1.20226e-11 1.18836e-11 1.09785e-11 1.31611e-11 1.20167e-11 4.83609e-11 4.83847e-11 4.78255e-11 4.41829e-11 5.29668e-11
1.77828 8.7216e-12 8.57718e-12 7.8689e-12 9.69724e-12 8.70573e-12 4.41078e-11 4.41882e-11 4.34565e-11 3.9868e-11 4.91313e-11
1.99526 6.29716e-12 6.20716e-12 5.58989e-12 7.07467e-12 6.27501e-12 4.00244e-11 4.01657e-11 3.95916e-11 3.56545e-11 4.51249e-11
2.23872 4.52552e-12 4.46544e-12 3.95926e-12 5.12279e-12 4.49999e-12 3.61345e-11 3.63395e-11 3.58571e-11 3.17925e-11 4.11356e-11
2.51189 3.2374e-12 3.19554e-12 2.77157e-12 3.72451e-12 3.21067e-12 3.24568e-11 3.27271e-11 3.23038e-11 2.8018e-11 3.76513e-11
2.81838 2.30546e-12 2.26745e-12 1.93105e-12 2.70779e-12 2.27912e-12 2.90053e-11 2.93405e-11 2.88569e-11 2.45756e-11 3.44608e-11
3.16228 1.63449e-12 1.60447e-12 1.33873e-12 1.95502e-12 1.60963e-12 2.57891e-11 2.61875e-11 2.57064e-11 2.14489e-11 3.13229e-11
3.54813 1.15374e-12 1.13228e-12 9.22986e-13 1.39709e-12 1.13103e-12 2.28131e-11 2.32711e-11 2.28384e-11 1.86168e-11 2.81795e-11
3.98107 8.1089e-13 7.96432e-13 6.29643e-13 9.96713e-13 7.90692e-13 2.00779e-11 2.05908e-11 2.02236e-11 1.59884e-11 2.53093e-11
4.46684 5.67529e-13 5.55483e-13 4.26324e-13 7.10393e-13 5.49957e-13 1.75808e-11 1.81425e-11 1.77575e-11 1.36286e-11 2.27096e-11
5.01187 3.95569e-13 3.84499e-13 2.87939e-13 5.05574e-13 3.80573e-13 1.53161e-11 1.59196e-11 1.54741e-11 1.15881e-11 2.03467e-11
5.62341 2.74603e-13 2.65061e-13 1.93809e-13 3.58556e-13 2.6202e-13 1.32753e-11 1.39128e-11 1.34294e-11 9.81939e-12 1.81663e-11
6.30957 1.8988e-13 1.80763e-13 1.28981e-13 2.5303e-13 1.79481e-13 1.1448e-11 1.21113e-11 1.15298e-11 8.22688e-12 1.61392e-11
7.07946 1.30794e-13 1.23358e-13 8.57416e-14 1.77211e-13 1.22318e-13 9.82203e-12 1.05027e-11 9.90553e-12 6.88497e-12 1.42299e-11
7.94328 8.9759e-14 8.36797e-14 5.6676e-14 1.23405e-13 8.29373e-14 8.38418e-12 9.07378e-12 8.45923e-12 5.72941e-12 1.24751e-11
8.91251 6.13753e-14 5.64353e-14 3.70334e-14 8.59741e-14 5.59496e-14 7.12044e-12 7.81095e-12 7.18226e-12 4.71307e-12 1.09415e-11
10 4.182e-14 3.79298e-14 2.39652e-14 6.01199e-14 3.75518e-14 6.01646e-12 6.70031e-12 6.07702e-12 3.83965e-12 9.63226e-12
11.2202 2.83987e-14 2.52271e-14 1.55277e-14 4.15205e-14 2.50757e-14 5.05782e-12 5.72808e-12 5.08835e-12 3.13196e-12 8.37478e-12
12.5893 1.92216e-14 1.68093e-14 9.98314e-15 2.85126e-14 1.66595e-14 4.23031e-12 4.88089e-12 4.26835e-12 2.535e-12 7.24014e-12
14.1254 1.29689e-14 1.11207e-14 6.31707e-15 1.94102e-14 1.10118e-14 3.52021e-12 4.14586e-12 3.55502e-12 2.01942e-12 6.20498e-12
15.8489 8.72367e-15 7.31838e-15 3.96345e-15 1.32341e-14 7.24174e-15 2.91443e-12 3.51083e-12 2.94527e-12 1.59509e-12 5.32603e-12
17.7828 5.85094e-15 4.78177e-15 2.4896e-15 9.0366e-15 4.73821e-15 2.40063e-12 2.9644e-12 2.4227e-12 1.26136e-12 4.57842e-12
19.9526 3.91326e-15 3.11259e-15 1.56317e-15 6.11396e-15 3.08442e-15 1.96736e-12 2.49603e-12 1.98533e-12 9.97048e-13 3.89971e-12
22.3872 2.61031e-15 2.01464e-15 9.68987e-16 4.13265e-15 1.99766e-15 1.6041e-12 2.09606e-12 1.61774e-12 7.78087e-13 3.31848e-12
25.1189 1.73677e-15 1.30232e-15 5.97838e-16 2.76834e-15 1.28723e-15 1.30126e-12 1.75571e-12 1.31653e-12 6.04357e-13 2.79853e-12
28.1838 1.15276e-15 8.41051e-16 3.68884e-16 1.83848e-15 8.25233e-16 1.05024e-12 1.46707e-12 1.07037e-12 4.69462e-13 2.33974e-12
31.6228 7.63386e-16 5.34412e-16 2.2752e-16 1.2201e-15 5.26364e-16 8.43327e-13 1.22308e-12 8.56222e-13 3.64527e-13 1.95481e-12
35.4813 5.04438e-16 3.37969e-16 1.37239e-16 8.11038e-16 3.34028e-16 6.73741e-13 1.01746e-12 6.8169e-13 2.76814e-13 1.63588e-12
39.8107 3.32648e-16 2.13163e-16 8.29165e-17 5.3644e-16 2.10895e-16 5.35522e-13 8.44687e-13 5.41281e-13 2.10548e-13 1.36217e-12
44.6684 2.18942e-16 1.34676e-16 5.00335e-17 3.55058e-16 1.32476e-16 4.23496e-13 6.99907e-13 4.30526e-13 1.59945e-13 1.13504e-12
50.1187 1.43845e-16 8.3439e-17 2.99946e-17 2.3222e-16 8.27938e-17 3.33203e-13 5.78901e-13 3.35799e-13 1.20713e-13 9.34565e-13
56.2341 9.43473e-17 5.16393e-17 1.77437e-17 1.51324e-16 5.14807e-17 2.60828e-13 4.78013e-13 2.61632e-13 8.9899e-14 7.66687e-13
63.0957 6.17854e-17 3.19781e-17 1.04054e-17 9.8626e-17 3.18478e-17 2.03137e-13 3.94091e-13 2.03968e-13 6.63699e-14 6.29074e-13
70.7946 4.04029e-17 1.97029e-17 6.06045e-18 6.40368e-17 1.9602e-17 1.57402e-13 3.24431e-13 1.58212e-13 4.86648e-14 5.14209e-13
79.4328 2.63849e-17 1.20604e-17 3.50559e-18 4.17234e-17 1.20036e-17 1.21345e-13 2.66727e-13 1.21919e-13 3.54382e-14 4.21784e-13
89.1251 1.72092e-17 7.34592e-18 2.01483e-18 2.69701e-17 7.31319e-18 9.30716e-14 2.19014e-13 9.34882e-14 2.56418e-14 3.43235e-13
100 1.12117e-17 4.45088e-18 1.15437e-18 1.74608e-17 4.43293e-18 7.10234e-14 1.79631e-13 7.1311e-14 1.84951e-14 2.79753e-13
