results/errorbands/sed_veritas.ecsv
# %ECSV 0.9
# ---
# datatype:
# - {name: energy, unit: TeV, datatype: float64, format: 3g}
# - {name: dnde_mean, unit: 1 / (cm2 s TeV), datatype: float64, format: 3g}
# - {name: dnde_median, unit: 1 / (cm2 s TeV), datatype: float64, format: 3g}
# - {name: dnde_lo, unit: 1 / (cm2 s TeV), datatype: float64, format: 3g}
# - {name: dnde_hi, unit: 1 / (cm2 s TeV), datatype: float64, format: 3g}
# - {name: dnde_fit, unit: 1 / (cm2 s TeV), datatype: float64, format: 3g}
# - {name: e2dnde_fit, unit: erg / (cm2 s), datatype: float64, format: 3g}
# - {name: e2dnde_mean, unit: erg / (cm2 s), datatype: float64, format: 3g}
# - {name: e2dnde_median, unit: erg / (cm2 s), datatype: float64, format: 3g}
# - {name: e2dnde_lo, unit: erg / (cm2 s), datatype: float64, format: 3g}
# - {name: e2dnde_hi, unit: erg / (cm2 s), datatype: float64, format: 3g}
# schema: astropy-2.0
energy dnde_mean dnde_median dnde_lo dnde_hi dnde_fit e2dnde_fit e2dnde_mean e2dnde_median e2dnde_lo e2dnde_hi
0.01 5.86282e-07 2.55224e-07 7.59385e-08 9.19062e-07 2.64564e-07 4.23878e-11 9.39328e-11 4.08913e-11 1.21667e-11 1.4725e-10
0.0112202 4.58214e-07 2.17307e-07 6.82526e-08 7.31157e-07 2.24681e-07 4.53185e-11 9.24227e-11 4.38313e-11 1.37667e-11 1.47476e-10
0.0125893 3.59353e-07 1.85812e-07 6.09528e-08 5.75758e-07 1.90242e-07 4.83079e-11 9.12497e-11 4.71827e-11 1.54776e-11 1.46201e-10
0.0141254 2.82714e-07 1.57769e-07 5.50521e-08 4.53033e-07 1.60604e-07 5.13413e-11 9.03771e-11 5.04352e-11 1.75989e-11 1.44824e-10
0.0158489 2.23063e-07 1.33961e-07 4.96553e-08 3.56317e-07 1.3518e-07 5.44029e-11 8.97714e-11 5.39124e-11 1.99837e-11 1.43399e-10
0.0177828 1.76456e-07 1.13397e-07 4.45158e-08 2.80646e-07 1.13442e-07 5.74758e-11 8.94017e-11 5.74531e-11 2.2554e-11 1.4219e-10
0.0199526 1.39909e-07 9.50259e-08 3.95831e-08 2.20349e-07 9.49169e-08 6.05416e-11 8.9239e-11 6.06111e-11 2.52476e-11 1.40547e-10
0.0223872 1.11154e-07 7.89282e-08 3.48861e-08 1.72999e-07 7.91807e-08 6.35813e-11 8.9256e-11 6.33786e-11 2.80132e-11 1.38916e-10
0.0251189 8.84617e-08 6.57292e-08 3.05919e-08 1.3729e-07 6.5857e-08 6.65751e-11 8.94264e-11 6.6446e-11 3.09256e-11 1.38788e-10
0.0281838 7.05022e-08 5.46671e-08 2.68513e-08 1.08831e-07 5.46123e-08 6.95026e-11 8.9725e-11 6.95723e-11 3.41725e-11 1.38505e-10
0.0316228 5.62528e-08 4.51979e-08 2.34712e-08 8.55932e-08 4.5153e-08 7.23431e-11 9.01269e-11 7.2415e-11 3.7605e-11 1.37135e-10
0.0354813 4.49216e-08 3.76195e-08 2.04125e-08 6.75451e-08 3.72211e-08 7.50758e-11 9.06078e-11 7.58792e-11 4.11725e-11 1.3624e-10
0.0398107 3.58936e-08 3.09987e-08 1.7682e-08 5.2893e-08 3.05914e-08 7.768e-11 9.11438e-11 7.87144e-11 4.48994e-11 1.3431e-10
0.0446684 2.86887e-08 2.53529e-08 1.52055e-08 4.1104e-08 2.50677e-08 8.01356e-11 9.1711e-11 8.10471e-11 4.86082e-11 1.314e-10
0.0501187 2.29311e-08 2.08253e-08 1.30155e-08 3.23901e-08 2.04804e-08 8.2423e-11 9.22859e-11 8.3811e-11 5.23806e-11 1.30354e-10
0.0562341 1.83252e-08 1.69321e-08 1.09712e-08 2.54179e-08 1.66827e-08 8.45236e-11 9.28451e-11 8.57869e-11 5.55859e-11 1.28781e-10
0.0630957 1.46378e-08 1.36838e-08 9.20635e-09 1.96984e-08 1.35489e-08 8.642e-11 9.33658e-11 8.72807e-11 5.87216e-11 1.25644e-10
0.0707946 1.16845e-08 1.11265e-08 7.83217e-09 1.53033e-08 1.0971e-08 8.80962e-11 9.38254e-11 8.93451e-11 6.28916e-11 1.22884e-10
0.0794328 9.3186e-09 8.95279e-09 6.55987e-09 1.19338e-08 8.85721e-09 8.95379e-11 9.42022e-11 9.05042e-11 6.63141e-11 1.20639e-10
0.0891251 7.42348e-09 7.21166e-09 5.45526e-09 9.30462e-09 7.1294e-09 9.07327e-11 9.44752e-11 9.17795e-11 6.94266e-11 1.18416e-10
0.1 5.90601e-09 5.77248e-09 4.52118e-09 7.22299e-09 5.72159e-09 9.16699e-11 9.46247e-11 9.24853e-11 7.24373e-11 1.15725e-10
0.112202 4.69168e-09 4.62245e-09 3.69558e-09 5.63036e-09 4.57811e-09 9.23415e-11 9.46321e-11 9.32357e-11 7.45406e-11 1.13566e-10
0.125893 3.72077e-09 3.68341e-09 3.04833e-09 4.3884e-09 3.65227e-09 9.27414e-11 9.44807e-11 9.35321e-11 7.74055e-11 1.11434e-10
0.141254 2.94534e-09 2.93047e-09 2.49897e-09 3.38385e-09 2.905e-09 9.2866e-11 9.41555e-11 9.36803e-11 7.9886e-11 1.08174e-10
0.158489 2.32685e-09 2.32311e-09 2.02697e-09 2.60512e-09 2.30376e-09 9.27144e-11 9.36437e-11 9.34934e-11 8.15752e-11 1.04843e-10
0.177828 1.8343e-09 1.83603e-09 1.63862e-09 2.0147e-09 1.82152e-09 9.22877e-11 9.29351e-11 9.30231e-11 8.30214e-11 1.02075e-10
0.199526 1.44272e-09 1.44289e-09 1.31977e-09 1.55941e-09 1.43594e-09 9.15899e-11 9.20219e-11 9.20329e-11 8.41799e-11 9.9465e-11
0.223872 1.13201e-09 1.13428e-09 1.05387e-09 1.20709e-09 1.12862e-09 9.06271e-11 9.0899e-11 9.10818e-11 8.46251e-11 9.69286e-11
0.251189 8.85983e-10 8.88577e-10 8.40206e-10 9.3445e-10 8.84432e-10 8.94077e-11 8.95645e-11 8.98268e-11 8.49368e-11 9.4464e-11
0.281838 6.9162e-10 6.91829e-10 6.63086e-10 7.19619e-10 6.91017e-10 8.79425e-11 8.80193e-11 8.80459e-11 8.43879e-11 9.15826e-11
0.316228 5.38437e-10 5.37773e-10 5.18479e-10 5.5733e-10 5.38293e-10 8.62441e-11 8.62672e-11 8.61608e-11 8.30695e-11 8.92942e-11
0.354813 4.18018e-10 4.17502e-10 4.03418e-10 4.33444e-10 4.18077e-10 8.4327e-11 8.43151e-11 8.4211e-11 8.13703e-11 8.74265e-11
0.398107 3.23607e-10 3.2358e-10 3.11261e-10 3.36026e-10 3.23743e-10 8.22073e-11 8.21728e-11 8.21659e-11 7.90378e-11 8.53263e-11
0.446684 2.49792e-10 2.49758e-10 2.38841e-10 2.60214e-10 2.49949e-10 7.99027e-11 7.98524e-11 7.98417e-11 7.63519e-11 8.31843e-11
0.501187 1.92245e-10 1.9232e-10 1.82735e-10 2.01541e-10 1.92401e-10 7.74317e-11 7.73688e-11 7.73989e-11 7.35413e-11 8.11099e-11
0.562341 1.47515e-10 1.4784e-10 1.39632e-10 1.55736e-10 1.47663e-10 7.4814e-11 7.47388e-11 7.49036e-11 7.07449e-11 7.89043e-11
0.630957 1.12851e-10 1.12669e-10 1.06316e-10 1.19674e-10 1.12991e-10 7.20699e-11 7.19809e-11 7.18644e-11 6.78125e-11 7.63329e-11
0.707946 8.60724e-11 8.5861e-11 8.0859e-11 9.16256e-11 8.62027e-11 6.922e-11 6.91153e-11 6.89456e-11 6.4929e-11 7.35745e-11
0.794328 6.54492e-11 6.52363e-11 6.13873e-11 6.97514e-11 6.557e-11 6.62851e-11 6.61629e-11 6.59477e-11 6.20567e-11 7.0512e-11
0.891251 4.96172e-11 4.94638e-11 4.63568e-11 5.31329e-11 4.97275e-11 6.32859e-11 6.31455e-11 6.29502e-11 5.89962e-11 6.76198e-11
1 3.7502e-11 3.73913e-11 3.4866e-11 4.03663e-11 3.76006e-11 6.02427e-11 6.00849e-11 5.99075e-11 5.58616e-11 6.46739e-11
1.12202 2.82608e-11 2.81954e-11 2.62494e-11 3.04322e-11 2.83465e-11 5.71754e-11 5.70027e-11 5.68706e-11 5.29456e-11 6.13824e-11
1.25893 2.12344e-11 2.11514e-11 1.96143e-11 2.2947e-11 2.13064e-11 5.41029e-11 5.392e-11 5.37092e-11 4.98061e-11 5.82689e-11
1.41254 1.59089e-11 1.58679e-11 1.45716e-11 1.72296e-11 1.59672e-11 5.10433e-11 5.08571e-11 5.07258e-11 4.65821e-11 5.5079e-11
1.58489 1.18855e-11 1.18552e-11 1.07825e-11 1.29464e-11 1.19303e-11 4.80135e-11 4.78329e-11 4.77109e-11 4.33941e-11 5.21025e-11
1.77828 8.85514e-12 8.83461e-12 7.96593e-12 9.72777e-12 8.8876e-12 4.50293e-11 4.48648e-11 4.47608e-11 4.03596e-11 4.9286e-11
1.99526 6.57985e-12 6.54862e-12 5.85115e-12 7.31841e-12 6.60119e-12 4.21049e-11 4.19688e-11 4.17696e-11 3.73208e-11 4.66796e-11
2.23872 4.87662e-12 4.85567e-12 4.26038e-12 5.50302e-12 4.88841e-12 3.92535e-11 3.91588e-11 3.89906e-11 3.42105e-11 4.41888e-11
2.51189 3.60536e-12 3.58833e-12 3.09872e-12 4.12261e-12 3.60927e-12 3.64863e-11 3.64468e-11 3.62746e-11 3.13251e-11 4.16757e-11
2.81838 2.65923e-12 2.64054e-12 2.23241e-12 3.10876e-12 2.65691e-12 3.38133e-11 3.38428e-11 3.36049e-11 2.84109e-11 3.95638e-11
3.16228 1.95703e-12 1.93795e-12 1.59509e-12 2.32507e-12 1.95004e-12 3.1243e-11 3.13551e-11 3.10493e-11 2.55561e-11 3.72517e-11
3.54813 1.43725e-12 1.42069e-12 1.13359e-12 1.74663e-12 1.42697e-12 2.87823e-11 2.89896e-11 2.86557e-11 2.28648e-11 3.523e-11
3.98107 1.05348e-12 1.03783e-12 8.06067e-13 1.30399e-12 1.0411e-12 2.64365e-11 2.67507e-11 2.63533e-11 2.04683e-11 3.31121e-11
4.46684 7.70805e-13 7.57469e-13 5.68366e-13 9.75311e-13 7.57318e-13 2.42097e-11 2.46408e-11 2.42145e-11 1.81693e-11 3.11784e-11
5.01187 5.63075e-13 5.50783e-13 3.98499e-13 7.28894e-13 5.4925e-13 2.21045e-11 2.26609e-11 2.21662e-11 1.60375e-11 2.93342e-11
5.62341 4.10743e-13 3.95915e-13 2.80936e-13 5.40392e-13 3.97163e-13 2.01224e-11 2.08104e-11 2.00591e-11 1.42337e-11 2.73791e-11
6.30957 2.99253e-13 2.84436e-13 1.96767e-13 4.00878e-13 2.86335e-13 1.82635e-11 1.90875e-11 1.81424e-11 1.25506e-11 2.55695e-11
7.07946 2.17801e-13 2.03346e-13 1.35714e-13 2.95487e-13 2.0582e-13 1.65271e-11 1.74892e-11 1.63285e-11 1.08977e-11 2.37273e-11
7.94328 1.5839e-13 1.45366e-13 9.34184e-14 2.19622e-13 1.47505e-13 1.49113e-11 1.60117e-11 1.46951e-11 9.44371e-12 2.22017e-11
8.91251 1.15116e-13 1.03963e-13 6.37258e-14 1.6295e-13 1.05398e-13 1.34135e-11 1.46503e-11 1.32308e-11 8.11009e-12 2.07379e-11
10 8.3636e-14 7.42445e-14 4.3411e-14 1.20752e-13 7.50868e-14 1.20302e-11 1.34e-11 1.18953e-11 6.95521e-12 1.93466e-11
11.2202 6.07576e-14 5.29472e-14 2.9263e-14 8.94717e-14 5.33338e-14 1.07575e-11 1.22549e-11 1.06796e-11 5.9024e-12 1.80466e-11
12.5893 4.41436e-14 3.76757e-14 1.98506e-14 6.60062e-14 3.77701e-14 9.59089e-12 1.12093e-11 9.56692e-12 5.04063e-12 1.67608e-11
14.1254 3.20856e-14 2.63969e-14 1.34994e-14 4.91408e-14 2.66687e-14 8.52534e-12 1.0257e-11 8.43845e-12 4.31545e-12 1.57092e-11
15.8489 2.33368e-14 1.86136e-14 9.06734e-15 3.64816e-14 1.87742e-14 7.55563e-12 9.39188e-12 7.49102e-12 3.64914e-12 1.4682e-11
17.7828 1.69897e-14 1.30836e-14 6.03541e-15 2.69448e-14 1.31773e-14 6.67632e-12 8.60786e-12 6.62884e-12 3.05786e-12 1.36517e-11
19.9526 1.2384e-14 9.11522e-15 3.97943e-15 1.98008e-14 9.22145e-15 5.88179e-12 7.89897e-12 5.81403e-12 2.53823e-12 1.26297e-11
22.3872 9.04049e-15 6.36413e-15 2.58638e-15 1.44311e-14 6.43397e-15 5.16641e-12 7.25943e-12 5.11034e-12 2.07684e-12 1.1588e-11
25.1189 6.61159e-15 4.42885e-15 1.67908e-15 1.05475e-14 4.47574e-15 4.52455e-12 6.68369e-12 4.47715e-12 1.69739e-12 1.06625e-11
28.1838 4.84539e-15 3.07106e-15 1.10231e-15 7.73506e-15 3.10426e-15 3.95065e-12 6.1665e-12 3.9084e-12 1.40286e-12 9.84406e-12
31.6228 3.55946e-15 2.12663e-15 7.20208e-16 5.67799e-15 2.14663e-15 3.43928e-12 5.70289e-12 3.40723e-12 1.1539e-12 9.09714e-12
35.4813 2.6218e-15 1.46381e-15 4.65627e-16 4.15958e-15 1.48001e-15 2.98521e-12 5.28822e-12 2.95253e-12 9.39179e-13 8.38995e-12
39.8107 1.93685e-15 1.0079e-15 3.03229e-16 3.05287e-15 1.01737e-15 2.58338e-12 4.9182e-12 2.55934e-12 7.69983e-13 7.75209e-12
44.6684 1.43547e-15 6.86346e-16 1.94157e-16 2.24557e-15 6.97264e-16 2.22899e-12 4.58885e-12 2.19408e-12 6.20674e-13 7.17856e-12
50.1187 1.06759e-15 4.67407e-16 1.2667e-16 1.65755e-15 4.76457e-16 1.91749e-12 4.29652e-12 1.88107e-12 5.0978e-13 6.67077e-12
56.2341 7.96977e-16 3.18471e-16 8.08483e-17 1.22405e-15 3.24606e-16 1.64463e-12 4.03791e-12 1.61354e-12 4.0962e-13 6.20166e-12
63.0957 5.97331e-16 2.17418e-16 5.09064e-17 9.05168e-16 2.20494e-16 1.4064e-12 3.81e-12 1.38677e-12 3.247e-13 5.77351e-12
70.7946 4.49582e-16 1.46292e-16 3.16417e-17 6.6628e-16 1.49329e-16 1.1991e-12 3.6101e-12 1.17471e-12 2.5408e-13 5.35016e-12
79.4328 3.39873e-16 9.82688e-17 1.98835e-17 4.82579e-16 1.00832e-16 1.01931e-12 3.43579e-12 9.93405e-13 2.01003e-13 4.87842e-12
89.1251 2.58116e-16 6.64703e-17 1.23383e-17 3.52017e-16 6.78824e-17 8.63909e-13 3.28492e-12 8.45937e-13 1.57023e-13 4.47996e-12
100 1.96957e-16 4.46151e-17 7.60126e-18 2.54712e-16 4.55643e-17 7.3002e-13 3.15559e-12 7.14813e-13 1.21786e-13 4.08094e-12
