results/errorbands/sed_fact.ecsv
# %ECSV 0.9
# ---
# datatype:
# - {name: energy, unit: TeV, datatype: float64, format: 3g}
# - {name: dnde_mean, unit: 1 / (cm2 s TeV), datatype: float64, format: 3g}
# - {name: dnde_median, unit: 1 / (cm2 s TeV), datatype: float64, format: 3g}
# - {name: dnde_lo, unit: 1 / (cm2 s TeV), datatype: float64, format: 3g}
# - {name: dnde_hi, unit: 1 / (cm2 s TeV), datatype: float64, format: 3g}
# - {name: dnde_fit, unit: 1 / (cm2 s TeV), datatype: float64, format: 3g}
# - {name: e2dnde_fit, unit: erg / (cm2 s), datatype: float64, format: 3g}
# - {name: e2dnde_mean, unit: erg / (cm2 s), datatype: float64, format: 3g}
# - {name: e2dnde_median, unit: erg / (cm2 s), datatype: float64, format: 3g}
# - {name: e2dnde_lo, unit: erg / (cm2 s), datatype: float64, format: 3g}
# - {name: e2dnde_hi, unit: erg / (cm2 s), datatype: float64, format: 3g}
# schema: astropy-2.0
energy dnde_mean dnde_median dnde_lo dnde_hi dnde_fit e2dnde_fit e2dnde_mean e2dnde_median e2dnde_lo e2dnde_hi
0.01 1.83323e-05 8.84514e-08 2.25217e-09 3.21452e-06 8.44497e-08 1.35303e-11 2.93716e-09 1.41715e-11 3.60837e-13 5.15022e-10
0.0112202 1.14804e-05 7.91928e-08 2.37315e-09 2.47629e-06 7.64606e-08 1.54223e-11 2.31563e-09 1.59733e-11 4.78669e-13 4.99472e-10
0.0125893 7.25256e-06 7.02854e-08 2.4804e-09 1.90041e-06 6.88894e-08 1.74929e-11 1.84163e-09 1.78474e-11 6.29843e-13 4.82568e-10
0.0141254 4.62285e-06 6.27831e-08 2.57772e-09 1.45674e-06 6.1765e-08 1.97448e-11 1.47781e-09 2.00703e-11 8.24036e-13 4.65684e-10
0.0158489 2.97372e-06 5.6517e-08 2.70792e-09 1.11732e-06 5.51072e-08 2.21778e-11 1.19677e-09 2.27452e-11 1.0898e-12 4.49662e-10
0.0177828 1.93081e-06 5.07259e-08 2.81922e-09 8.57478e-07 4.89271e-08 2.4789e-11 9.78252e-10 2.57004e-11 1.42837e-12 4.34444e-10
0.0199526 1.26559e-06 4.54103e-08 2.85456e-09 6.57185e-07 4.32281e-08 2.75725e-11 8.07243e-10 2.89644e-11 1.82075e-12 4.19178e-10
0.0223872 8.37549e-07 4.02052e-08 2.85314e-09 5.06433e-07 3.80065e-08 3.05189e-11 6.72544e-10 3.22844e-11 2.29104e-12 4.06661e-10
0.0251189 5.59656e-07 3.51397e-08 2.83525e-09 3.89685e-07 3.32526e-08 3.36152e-11 5.65759e-10 3.55229e-11 2.86617e-12 3.93935e-10
0.0281838 3.77606e-07 3.03412e-08 2.80185e-09 3.00563e-07 2.89513e-08 3.6845e-11 4.80562e-10 3.86139e-11 3.56579e-12 3.82513e-10
0.0316228 2.5725e-07 2.61335e-08 2.74548e-09 2.31341e-07 2.50834e-08 4.0188e-11 4.12159e-10 4.18704e-11 4.39875e-12 3.70649e-10
0.0354813 1.76944e-07 2.2545e-08 2.64776e-09 1.7771e-07 2.16262e-08 4.36204e-11 3.56899e-10 4.54738e-11 5.34059e-12 3.58445e-10
0.0398107 1.22864e-07 1.93968e-08 2.50231e-09 1.35861e-07 1.85545e-08 4.7115e-11 3.11985e-10 4.92539e-11 6.35406e-12 3.44989e-10
0.0446684 8.61073e-08 1.66522e-08 2.42373e-09 1.04095e-07 1.58414e-08 5.06411e-11 2.75265e-10 5.32332e-11 7.7481e-12 3.32767e-10
0.0501187 6.08942e-08 1.41867e-08 2.30539e-09 7.93062e-08 1.3459e-08 5.41656e-11 2.45068e-10 5.7094e-11 9.278e-12 3.19167e-10
0.0562341 4.34412e-08 1.18865e-08 2.17223e-09 6.06086e-08 1.13791e-08 5.76526e-11 2.20096e-10 6.02231e-11 1.10057e-11 3.07075e-10
0.0630957 3.12509e-08 9.87563e-09 2.03671e-09 4.60788e-08 9.57368e-09 6.10646e-11 1.9933e-10 6.29905e-11 1.29909e-11 2.93908e-10
0.0707946 2.2661e-08 8.29066e-09 1.91789e-09 3.46325e-08 8.0154e-09 6.43629e-11 1.81966e-10 6.65732e-11 1.54005e-11 2.78096e-10
0.0794328 1.6556e-08 6.87089e-09 1.7807e-09 2.6182e-08 6.678e-09 6.75082e-11 1.67365e-10 6.94582e-11 1.80012e-11 2.64675e-10
0.0891251 1.21807e-08 5.67524e-09 1.62278e-09 2.00433e-08 5.5366e-09 7.04618e-11 1.55019e-10 7.22262e-11 2.06523e-11 2.55082e-10
0.1 9.0199e-09 4.67831e-09 1.46965e-09 1.51612e-08 4.56789e-09 7.31857e-11 1.44515e-10 7.49548e-11 2.35464e-11 2.42909e-10
0.112202 6.71882e-09 3.86536e-09 1.30323e-09 1.15341e-08 3.75028e-09 7.56439e-11 1.3552e-10 7.79652e-11 2.62865e-11 2.32646e-10
0.125893 5.03142e-09 3.14632e-09 1.1494e-09 8.6045e-09 3.06398e-09 7.78031e-11 1.27762e-10 7.98939e-11 2.91864e-11 2.18492e-10
0.141254 3.78554e-09 2.55454e-09 1.00861e-09 6.41287e-09 2.49107e-09 7.96334e-11 1.21015e-10 8.16627e-11 3.22428e-11 2.05004e-10
0.158489 2.8598e-09 2.05279e-09 8.75647e-10 4.74641e-09 2.01539e-09 8.11091e-11 1.15092e-10 8.26142e-11 3.52403e-11 1.91018e-10
0.177828 2.1679e-09 1.64015e-09 7.54449e-10 3.48001e-09 1.62259e-09 8.22089e-11 1.09837e-10 8.30986e-11 3.82243e-11 1.76316e-10
0.199526 1.64804e-09 1.31102e-09 6.50178e-10 2.57168e-09 1.29997e-09 8.2917e-11 1.05118e-10 8.3622e-11 4.14708e-11 1.64031e-10
0.223872 1.25559e-09 1.04642e-09 5.51949e-10 1.94615e-09 1.03641e-09 8.32231e-11 1.00822e-10 8.40268e-11 4.4321e-11 1.56274e-10
0.251189 9.58101e-10 8.2954e-10 4.71156e-10 1.44725e-09 8.2226e-10 8.31227e-11 9.68549e-11 8.38586e-11 4.76294e-11 1.46303e-10
0.281838 7.31814e-10 6.57966e-10 3.95841e-10 1.07038e-09 6.49173e-10 8.26172e-11 9.31346e-11 8.37364e-11 5.03769e-11 1.36223e-10
0.316228 5.59194e-10 5.17883e-10 3.29407e-10 7.87479e-10 5.10019e-10 8.17141e-11 8.95927e-11 8.2974e-11 5.27768e-11 1.26168e-10
0.354813 4.27221e-10 4.05166e-10 2.69614e-10 5.8317e-10 3.98739e-10 8.04265e-11 8.61714e-11 8.17228e-11 5.43818e-11 1.17627e-10
0.398107 3.26166e-10 3.14664e-10 2.21436e-10 4.22629e-10 3.10217e-10 7.87728e-11 8.28227e-11 7.99019e-11 5.62289e-11 1.07317e-10
0.446684 2.48714e-10 2.433e-10 1.80195e-10 3.10529e-10 2.4017e-10 7.67766e-11 7.95079e-11 7.77774e-11 5.76042e-11 9.92689e-11
0.501187 1.89333e-10 1.85592e-10 1.45758e-10 2.28749e-10 1.85032e-10 7.44659e-11 7.61969e-11 7.46912e-11 5.86601e-11 9.20596e-11
0.562341 1.43822e-10 1.42079e-10 1.16331e-10 1.70444e-10 1.41857e-10 7.18722e-11 7.28677e-11 7.19847e-11 5.89392e-11 8.63562e-11
0.630957 1.08971e-10 1.07747e-10 9.09105e-11 1.26554e-10 1.08225e-10 6.90303e-11 6.95058e-11 6.8725e-11 5.79862e-11 8.07206e-11
0.707946 8.23225e-11 8.18789e-11 7.13411e-11 9.27748e-11 8.21644e-11 6.59772e-11 6.61042e-11 6.5748e-11 5.72862e-11 7.44973e-11
0.794328 6.19862e-11 6.18779e-11 5.53551e-11 6.82713e-11 6.20745e-11 6.27515e-11 6.26622e-11 6.25527e-11 5.59588e-11 6.90158e-11
0.891251 4.65053e-11 4.64426e-11 4.27668e-11 5.0436e-11 4.6668e-11 5.93922e-11 5.91852e-11 5.91053e-11 5.44273e-11 6.41876e-11
1 3.47551e-11 3.47121e-11 3.22456e-11 3.73146e-11 3.4914e-11 5.59384e-11 5.56838e-11 5.5615e-11 5.16632e-11 5.97846e-11
1.12202 2.58664e-11 2.58126e-11 2.41808e-11 2.76418e-11 2.59929e-11 5.24283e-11 5.21732e-11 5.20646e-11 4.87732e-11 5.57541e-11
1.25893 1.91675e-11 1.9151e-11 1.7902e-11 2.04871e-11 1.92569e-11 4.88987e-11 4.86717e-11 4.86297e-11 4.54581e-11 5.20224e-11
1.41254 1.41394e-11 1.41195e-11 1.31209e-11 1.5142e-11 1.41969e-11 4.53841e-11 4.52002e-11 4.51366e-11 4.19444e-11 4.84052e-11
1.58489 1.03818e-11 1.03606e-11 9.59866e-12 1.11493e-11 1.04154e-11 4.19166e-11 4.17812e-11 4.16962e-11 3.86297e-11 4.48704e-11
1.77828 7.58656e-12 7.56071e-12 6.99042e-12 8.20473e-12 7.60385e-12 3.85251e-11 3.84375e-11 3.83065e-11 3.54171e-11 4.15695e-11
1.99526 5.51727e-12 5.48961e-12 5.04591e-12 5.99451e-12 5.52417e-12 3.52352e-11 3.51913e-11 3.50148e-11 3.21847e-11 3.82352e-11
2.23872 3.993e-12 3.9748e-12 3.63154e-12 4.37748e-12 3.9937e-12 3.2069e-11 3.20634e-11 3.19173e-11 2.91609e-11 3.51508e-11
2.51189 2.8759e-12 2.86836e-12 2.61392e-12 3.14551e-12 2.87316e-12 2.90449e-11 2.90727e-11 2.89964e-11 2.64243e-11 3.17981e-11
2.81838 2.06144e-12 2.06012e-12 1.85324e-12 2.25711e-12 2.05693e-12 2.61776e-11 2.6235e-11 2.62182e-11 2.35853e-11 2.87252e-11
3.16228 1.47071e-12 1.47298e-12 1.31195e-12 1.61334e-12 1.46539e-12 2.34782e-11 2.35634e-11 2.35998e-11 2.10198e-11 2.58485e-11
3.54813 1.04448e-12 1.04355e-12 9.30868e-13 1.15351e-12 1.03888e-12 2.09543e-11 2.10673e-11 2.10486e-11 1.87758e-11 2.32665e-11
3.98107 7.38506e-13 7.40581e-13 6.53223e-13 8.19625e-13 7.32908e-13 1.86106e-11 1.87527e-11 1.88054e-11 1.65872e-11 2.08126e-11
4.46684 5.19972e-13 5.21732e-13 4.49888e-13 5.89497e-13 5.1453e-13 1.64483e-11 1.66223e-11 1.66785e-11 1.43818e-11 1.88448e-11
5.01187 3.64651e-13 3.63414e-13 3.08877e-13 4.18732e-13 3.59457e-13 1.44663e-11 1.46753e-11 1.46256e-11 1.24307e-11 1.68518e-11
5.62341 2.54781e-13 2.52707e-13 2.09621e-13 2.99065e-13 2.49896e-13 1.2661e-11 1.29085e-11 1.28035e-11 1.06205e-11 1.51522e-11
6.30957 1.7741e-13 1.7497e-13 1.41636e-13 2.14072e-13 1.7288e-13 1.1027e-11 1.13159e-11 1.11603e-11 9.03409e-12 1.36543e-11
7.07946 1.23158e-13 1.20437e-13 9.55193e-14 1.51985e-13 1.19017e-13 9.55694e-12 9.88946e-12 9.67099e-12 7.67011e-12 1.22043e-11
7.94328 8.52666e-14 8.23696e-14 6.28516e-14 1.08091e-13 8.15355e-14 8.24247e-12 8.61964e-12 8.32678e-12 6.3537e-12 1.0927e-11
8.91251 5.88984e-14 5.6041e-14 4.1373e-14 7.70922e-14 5.55853e-14 7.07409e-12 7.49573e-12 7.13208e-12 5.26535e-12 9.81116e-12
10 4.06092e-14 3.7684e-14 2.67697e-14 5.53598e-14 3.77094e-14 6.04171e-12 6.50631e-12 6.03764e-12 4.28898e-12 8.86962e-12
11.2202 2.79601e-14 2.53565e-14 1.70902e-14 3.93932e-14 2.54574e-14 5.13481e-12 5.63961e-12 5.11446e-12 3.44712e-12 7.94569e-12
12.5893 1.92334e-14 1.70206e-14 1.09515e-14 2.79954e-14 1.71023e-14 4.34274e-12 4.88389e-12 4.32201e-12 2.78088e-12 7.1088e-12
14.1254 1.32248e-14 1.1472e-14 6.85359e-15 2.02126e-14 1.14332e-14 3.65493e-12 4.22766e-12 3.66733e-12 2.19093e-12 6.46149e-12
15.8489 9.09415e-15 7.60737e-15 4.32609e-15 1.45171e-14 7.60605e-15 3.06104e-12 3.65993e-12 3.06158e-12 1.74103e-12 5.84238e-12
17.7828 6.25747e-15 4.9818e-15 2.69175e-15 1.02839e-14 5.0353e-15 2.55115e-12 3.17036e-12 2.52404e-12 1.36378e-12 5.21037e-12
19.9526 4.31048e-15 3.26678e-15 1.66495e-15 7.18258e-15 3.31716e-15 2.11581e-12 2.74939e-12 2.08368e-12 1.06197e-12 4.58132e-12
22.3872 2.97419e-15 2.13073e-15 1.02098e-15 5.10595e-15 2.17462e-15 1.7462e-12 2.38825e-12 1.71095e-12 8.19839e-13 4.10003e-12
25.1189 2.05659e-15 1.37686e-15 6.19088e-16 3.59832e-15 1.41865e-15 1.43412e-12 2.07902e-12 1.39187e-12 6.2584e-13 3.63756e-12
28.1838 1.42587e-15 8.95903e-16 3.6895e-16 2.5562e-15 9.20966e-16 1.17207e-12 1.81465e-12 1.14017e-12 4.69546e-13 3.25315e-12
31.6228 9.91685e-16 5.78869e-16 2.16952e-16 1.81154e-15 5.94958e-16 9.53228e-13 1.58885e-12 9.2745e-13 3.47596e-13 2.9024e-12
35.4813 6.92185e-16 3.71229e-16 1.28027e-16 1.27336e-15 3.82477e-16 7.71464e-13 1.39615e-12 7.48777e-13 2.58233e-13 2.56838e-12
39.8107 4.85077e-16 2.36527e-16 7.48962e-17 8.94338e-16 2.4468e-16 6.21311e-13 1.23175e-12 6.00608e-13 1.90182e-13 2.27097e-12
44.6684 3.41436e-16 1.51776e-16 4.43491e-17 6.31103e-16 1.55764e-16 4.97942e-13 1.09149e-12 4.85191e-13 1.41774e-13 2.01749e-12
50.1187 2.41476e-16 9.59041e-17 2.5712e-17 4.44245e-16 9.86763e-17 3.97122e-13 9.71817e-13 3.85965e-13 1.03477e-13 1.78786e-12
56.2341 1.7165e-16 6.03888e-17 1.47167e-17 3.05708e-16 6.22061e-17 3.15169e-13 8.6967e-13 3.05961e-13 7.45624e-14 1.54888e-12
63.0957 1.22672e-16 3.83404e-17 8.33231e-18 2.10113e-16 3.90237e-17 2.48908e-13 7.82446e-13 2.4455e-13 5.31466e-14 1.34018e-12
70.7946 8.81622e-17 2.40374e-17 4.73896e-18 1.45685e-16 2.43613e-17 1.95619e-13 7.07934e-13 1.93018e-13 3.80534e-14 1.16984e-12
79.4328 6.37314e-17 1.52084e-17 2.69253e-18 1.00835e-16 1.51337e-17 1.52988e-13 6.44264e-13 1.53743e-13 2.72189e-14 1.01934e-12
89.1251 4.63485e-17 9.56582e-18 1.50885e-18 6.98065e-17 9.35552e-18 1.19063e-13 5.89857e-13 1.2174e-13 1.92024e-14 8.88395e-13
100 3.39154e-17 5.98011e-18 8.2745e-19 4.87578e-17 5.75526e-18 9.22095e-14 5.43385e-13 9.58119e-14 1.32572e-14 7.81187e-13
