results/errorbands/sed_joint.ecsv
# %ECSV 0.9
# ---
# datatype:
# - {name: energy, unit: TeV, datatype: float64, format: 3g}
# - {name: dnde_mean, unit: 1 / (cm2 s TeV), datatype: float64, format: 3g}
# - {name: dnde_median, unit: 1 / (cm2 s TeV), datatype: float64, format: 3g}
# - {name: dnde_lo, unit: 1 / (cm2 s TeV), datatype: float64, format: 3g}
# - {name: dnde_hi, unit: 1 / (cm2 s TeV), datatype: float64, format: 3g}
# - {name: dnde_fit, unit: 1 / (cm2 s TeV), datatype: float64, format: 3g}
# - {name: e2dnde_fit, unit: erg / (cm2 s), datatype: float64, format: 3g}
# - {name: e2dnde_mean, unit: erg / (cm2 s), datatype: float64, format: 3g}
# - {name: e2dnde_median, unit: erg / (cm2 s), datatype: float64, format: 3g}
# - {name: e2dnde_lo, unit: erg / (cm2 s), datatype: float64, format: 3g}
# - {name: e2dnde_hi, unit: erg / (cm2 s), datatype: float64, format: 3g}
# schema: astropy-2.0
energy dnde_mean dnde_median dnde_lo dnde_hi dnde_fit e2dnde_fit e2dnde_mean e2dnde_median e2dnde_lo e2dnde_hi
0.01 4.52825e-07 4.54075e-07 3.89977e-07 5.07691e-07 4.47989e-07 7.17757e-11 7.25505e-11 7.27508e-11 6.24812e-11 8.13411e-11
0.0112202 3.77402e-07 3.79268e-07 3.28719e-07 4.18672e-07 3.73809e-07 7.53981e-11 7.61228e-11 7.64992e-11 6.63032e-11 8.44471e-11
0.0125893 3.13721e-07 3.15675e-07 2.75937e-07 3.45784e-07 3.11065e-07 7.89882e-11 7.96625e-11 8.01587e-11 7.00681e-11 8.78041e-11
0.0141254 2.60102e-07 2.6185e-07 2.31717e-07 2.84911e-07 2.5815e-07 8.25245e-11 8.31485e-11 8.37071e-11 7.40743e-11 9.10793e-11
0.0158489 2.15081e-07 2.16586e-07 1.92997e-07 2.34335e-07 2.13655e-07 8.5985e-11 8.65592e-11 8.71648e-11 7.76713e-11 9.43077e-11
0.0177828 1.77385e-07 1.7875e-07 1.6041e-07 1.92571e-07 1.76348e-07 8.93473e-11 8.98727e-11 9.0564e-11 8.12724e-11 9.75666e-11
0.0199526 1.4591e-07 1.46818e-07 1.32786e-07 1.57863e-07 1.45161e-07 9.25889e-11 9.3067e-11 9.36459e-11 8.46958e-11 1.00691e-10
0.0223872 1.19703e-07 1.20262e-07 1.09953e-07 1.28564e-07 1.19164e-07 9.56876e-11 9.61201e-11 9.65696e-11 8.8291e-11 1.03236e-10
0.0251189 9.79422e-08 9.82682e-08 9.06018e-08 1.0464e-07 9.75575e-08 9.86214e-11 9.90103e-11 9.93399e-11 9.15898e-11 1.05781e-10
0.0281838 7.99248e-08 8.0217e-08 7.44592e-08 8.50373e-08 7.96518e-08 1.01369e-10 1.01717e-10 1.02088e-10 9.47608e-11 1.08223e-10
0.0316228 6.50484e-08 6.5236e-08 6.10033e-08 6.88918e-08 6.48558e-08 1.0391e-10 1.04219e-10 1.0452e-10 9.77381e-11 1.10377e-10
0.0354813 5.27998e-08 5.28888e-08 4.9707e-08 5.56927e-08 5.26649e-08 1.06226e-10 1.06498e-10 1.06678e-10 1.0026e-10 1.12333e-10
0.0398107 4.27433e-08 4.27556e-08 4.04954e-08 4.49197e-08 4.26494e-08 1.08299e-10 1.08537e-10 1.08568e-10 1.02829e-10 1.14064e-10
0.0446684 3.45096e-08 3.45275e-08 3.28125e-08 3.61576e-08 3.44447e-08 1.10112e-10 1.10319e-10 1.10376e-10 1.04894e-10 1.15587e-10
0.0501187 2.77873e-08 2.77995e-08 2.65327e-08 2.90314e-08 2.77429e-08 1.11651e-10 1.1183e-10 1.11879e-10 1.0678e-10 1.16836e-10
0.0562341 2.23145e-08 2.23442e-08 2.14013e-08 2.32383e-08 2.22844e-08 1.12904e-10 1.13057e-10 1.13208e-10 1.0843e-10 1.17737e-10
0.0630957 1.78714e-08 1.7885e-08 1.71797e-08 1.85692e-08 1.78512e-08 1.13862e-10 1.13991e-10 1.14078e-10 1.09579e-10 1.18441e-10
0.0707946 1.42745e-08 1.42782e-08 1.37713e-08 1.47921e-08 1.42611e-08 1.14515e-10 1.14623e-10 1.14653e-10 1.10582e-10 1.18779e-10
0.0794328 1.13708e-08 1.13633e-08 1.10033e-08 1.17388e-08 1.13621e-08 1.1486e-10 1.14948e-10 1.14872e-10 1.11233e-10 1.18668e-10
0.0891251 9.03331e-09 9.03263e-09 8.75518e-09 9.31098e-09 9.02781e-09 1.14893e-10 1.14963e-10 1.14954e-10 1.11423e-10 1.18497e-10
0.1 7.15698e-09 7.15214e-09 6.94138e-09 7.37058e-09 7.15361e-09 1.14613e-10 1.14667e-10 1.1459e-10 1.11213e-10 1.1809e-10
0.112202 5.65505e-09 5.65101e-09 5.48712e-09 5.83011e-09 5.65311e-09 1.14024e-10 1.14064e-10 1.13982e-10 1.10676e-10 1.17595e-10
0.125893 4.45623e-09 4.45707e-09 4.32577e-09 4.59394e-09 4.45521e-09 1.1313e-10 1.13156e-10 1.13177e-10 1.09843e-10 1.16653e-10
0.141254 3.50203e-09 3.49966e-09 3.40398e-09 3.60654e-09 3.50161e-09 1.11938e-10 1.11952e-10 1.11876e-10 1.08817e-10 1.15292e-10
0.158489 2.7447e-09 2.74296e-09 2.66835e-09 2.82571e-09 2.74465e-09 1.10458e-10 1.1046e-10 1.1039e-10 1.07387e-10 1.1372e-10
0.177828 2.1453e-09 2.1458e-09 2.08115e-09 2.21078e-09 2.14548e-09 1.08701e-10 1.08692e-10 1.08718e-10 1.05442e-10 1.1201e-10
0.199526 1.67226e-09 1.6725e-09 1.62167e-09 1.72387e-09 1.67256e-09 1.06682e-10 1.06663e-10 1.06678e-10 1.03436e-10 1.09955e-10
0.223872 1.29998e-09 1.3003e-09 1.25991e-09 1.33815e-09 1.30034e-09 1.04416e-10 1.04387e-10 1.04413e-10 1.0117e-10 1.07452e-10
0.251189 1.00784e-09 1.00899e-09 9.76679e-10 1.03778e-09 1.00821e-09 1.0192e-10 1.01883e-10 1.01999e-10 9.87329e-11 1.04909e-10
0.281838 7.79222e-10 7.80067e-10 7.54854e-10 8.02081e-10 7.79586e-10 9.92143e-11 9.91681e-11 9.92755e-11 9.60669e-11 1.02077e-10
0.316228 6.00828e-10 6.01716e-10 5.82716e-10 6.1871e-10 6.01169e-10 9.63179e-11 9.62633e-11 9.64056e-11 9.33614e-11 9.91282e-11
0.354813 4.62016e-10 4.62646e-10 4.48288e-10 4.75698e-10 4.62325e-10 9.3252e-11 9.31896e-11 9.33166e-11 9.04206e-11 9.59492e-11
0.398107 3.54309e-10 3.54815e-10 3.43673e-10 3.64644e-10 3.54583e-10 9.00385e-11 8.99688e-11 9.00975e-11 8.72683e-11 9.25934e-11
0.446684 2.70972e-10 2.71447e-10 2.62789e-10 2.78635e-10 2.71211e-10 8.66997e-11 8.66232e-11 8.67751e-11 8.40073e-11 8.90731e-11
0.501187 2.06673e-10 2.06941e-10 2.00397e-10 2.12874e-10 2.06879e-10 8.3258e-11 8.31752e-11 8.32832e-11 8.06496e-11 8.56707e-11
0.562341 1.57203e-10 1.575e-10 1.52499e-10 1.61829e-10 1.57377e-10 7.97357e-11 7.96474e-11 7.97977e-11 7.72641e-11 8.19912e-11
0.630957 1.1925e-10 1.19491e-10 1.1584e-10 1.22781e-10 1.19396e-10 7.61551e-11 7.6062e-11 7.62159e-11 7.38873e-11 7.83144e-11
0.707946 9.02135e-11 9.0333e-11 8.75638e-11 9.28666e-11 9.03345e-11 7.25377e-11 7.24406e-11 7.25365e-11 7.03129e-11 7.4571e-11
0.794328 6.8062e-11 6.81179e-11 6.60672e-11 7.00314e-11 6.81613e-11 6.89046e-11 6.88042e-11 6.88607e-11 6.67877e-11 7.07951e-11
0.891251 5.12103e-11 5.12519e-11 4.97067e-11 5.26576e-11 5.12909e-11 6.52756e-11 6.51731e-11 6.52259e-11 6.32594e-11 6.70149e-11
1 3.84265e-11 3.84565e-11 3.72606e-11 3.95234e-11 3.84913e-11 6.16698e-11 6.1566e-11 6.1614e-11 5.9698e-11 6.33235e-11
1.12202 2.87558e-11 2.87604e-11 2.7875e-11 2.95855e-11 2.88073e-11 5.8105e-11 5.8001e-11 5.80104e-11 5.62244e-11 5.96747e-11
1.25893 2.14606e-11 2.14474e-11 2.08136e-11 2.21172e-11 2.15012e-11 5.45976e-11 5.44943e-11 5.4461e-11 5.28516e-11 5.61618e-11
1.41254 1.59728e-11 1.59684e-11 1.5493e-11 1.64818e-11 1.60045e-11 5.11625e-11 5.10611e-11 5.10471e-11 4.95276e-11 5.26883e-11
1.58489 1.18561e-11 1.18368e-11 1.1497e-11 1.22477e-11 1.18806e-11 4.78134e-11 4.77148e-11 4.76369e-11 4.62695e-11 4.92909e-11
1.77828 8.77669e-12 8.768e-12 8.49765e-12 9.07016e-12 8.7954e-12 4.45622e-11 4.44673e-11 4.44233e-11 4.30536e-11 4.59542e-11
1.99526 6.47955e-12 6.47096e-12 6.26863e-12 6.7089e-12 6.49369e-12 4.14192e-11 4.1329e-11 4.12742e-11 3.99837e-11 4.27919e-11
2.23872 4.77075e-12 4.7612e-12 4.6067e-12 4.94857e-12 4.7813e-12 3.83934e-11 3.83087e-11 3.8232e-11 3.69913e-11 3.97366e-11
2.51189 3.50314e-12 3.49571e-12 3.37062e-12 3.64415e-12 3.51091e-12 3.54919e-11 3.54134e-11 3.53383e-11 3.40738e-11 3.68389e-11
2.81838 2.56543e-12 2.55871e-12 2.45726e-12 2.67828e-12 2.57106e-12 3.27207e-11 3.2649e-11 3.25635e-11 3.12724e-11 3.40852e-11
3.16228 1.87367e-12 1.87183e-12 1.78682e-12 1.96495e-12 1.87769e-12 3.00838e-11 3.00196e-11 2.999e-11 2.8628e-11 3.1482e-11
3.54813 1.36478e-12 1.36437e-12 1.29499e-12 1.43553e-12 1.36758e-12 2.75844e-11 2.75279e-11 2.75197e-11 2.61203e-11 2.89549e-11
3.98107 9.91442e-13 9.9004e-13 9.37403e-13 1.04722e-12 9.9335e-13 2.52239e-11 2.51755e-11 2.51399e-11 2.38033e-11 2.65918e-11
4.46684 7.18306e-13 7.17362e-13 6.76297e-13 7.61189e-13 7.19566e-13 2.30028e-11 2.29626e-11 2.29324e-11 2.16196e-11 2.43334e-11
5.01187 5.1903e-13 5.178e-13 4.85688e-13 5.51795e-13 5.19826e-13 2.09203e-11 2.08883e-11 2.08388e-11 1.95465e-11 2.22069e-11
5.62341 3.7404e-13 3.72761e-13 3.48074e-13 3.99291e-13 3.7451e-13 1.89747e-11 1.89508e-11 1.8886e-11 1.76352e-11 2.02302e-11
6.30957 2.68836e-13 2.676e-13 2.48437e-13 2.88798e-13 2.69085e-13 1.71632e-11 1.71474e-11 1.70685e-11 1.58462e-11 1.84206e-11
7.07946 1.9271e-13 1.91682e-13 1.77331e-13 2.08653e-13 1.92811e-13 1.54826e-11 1.54744e-11 1.53919e-11 1.42395e-11 1.67546e-11
7.94328 1.37775e-13 1.37009e-13 1.2554e-13 1.50319e-13 1.37783e-13 1.39286e-11 1.39277e-11 1.38503e-11 1.26909e-11 1.51958e-11
8.91251 9.82398e-14 9.76114e-14 8.8762e-14 1.08062e-13 9.81923e-14 1.24965e-11 1.25025e-11 1.24226e-11 1.12963e-11 1.37526e-11
10 6.98651e-14 6.94185e-14 6.27075e-14 7.73993e-14 6.97876e-14 1.11812e-11 1.11936e-11 1.11221e-11 1.00468e-11 1.24007e-11
11.2202 4.95553e-14 4.92209e-14 4.40311e-14 5.53072e-14 4.9465e-14 9.97719e-12 9.99541e-12 9.92797e-12 8.88117e-12 1.11556e-11
12.5893 3.50575e-14 3.47873e-14 3.09502e-14 3.93403e-14 3.49653e-14 8.87865e-12 8.90207e-12 8.83347e-12 7.85912e-12 9.9896e-12
14.1254 2.47363e-14 2.45069e-14 2.1659e-14 2.79838e-14 2.46487e-14 7.87961e-12 7.9076e-12 7.83427e-12 6.92387e-12 8.94576e-12
15.8489 1.74082e-14 1.72283e-14 1.50913e-14 1.98322e-14 1.73289e-14 6.97399e-12 7.00592e-12 6.93349e-12 6.07348e-12 7.98146e-12
17.7828 1.22193e-14 1.20837e-14 1.05022e-14 1.40144e-14 1.21497e-14 6.15569e-12 6.19092e-12 6.12225e-12 5.32095e-12 7.10042e-12
19.9526 8.55475e-15 8.45719e-15 7.28523e-15 9.87485e-15 8.49534e-15 5.41865e-12 5.45654e-12 5.39432e-12 4.6468e-12 6.29855e-12
22.3872 5.97374e-15 5.88858e-15 5.02855e-15 6.9412e-15 5.92399e-15 4.75691e-12 4.79686e-12 4.72847e-12 4.03788e-12 5.57372e-12
25.1189 4.16069e-15 4.09604e-15 3.46401e-15 4.87156e-15 4.11971e-15 4.16464e-12 4.20606e-12 4.14071e-12 3.50178e-12 4.92468e-12
28.1838 2.89046e-15 2.85109e-15 2.38558e-15 3.40646e-15 2.85718e-15 3.6362e-12 3.67856e-12 3.62845e-12 3.03602e-12 4.33524e-12
31.6228 2.00289e-15 1.97116e-15 1.63571e-15 2.37601e-15 1.97619e-15 3.1662e-12 3.20898e-12 3.15814e-12 2.62069e-12 3.80678e-12
35.4813 1.38432e-15 1.35588e-15 1.11894e-15 1.65333e-15 1.36313e-15 2.74946e-12 2.79221e-12 2.73484e-12 2.25692e-12 3.33481e-12
39.8107 9.54359e-16 9.32901e-16 7.60947e-16 1.15042e-15 9.37704e-16 2.38109e-12 2.42338e-12 2.3689e-12 1.93226e-12 2.92123e-12
44.6684 6.56275e-16 6.40109e-16 5.14991e-16 7.98245e-16 6.43299e-16 2.05647e-12 2.09796e-12 2.04628e-12 1.6463e-12 2.5518e-12
50.1187 4.50156e-16 4.37875e-16 3.47621e-16 5.53314e-16 4.40128e-16 1.77129e-12 1.81164e-12 1.76222e-12 1.399e-12 2.22681e-12
56.2341 3.07997e-16 2.98505e-16 2.34102e-16 3.82737e-16 3.00306e-16 1.52151e-12 1.56048e-12 1.51239e-12 1.18609e-12 1.93915e-12
63.0957 2.10204e-16 2.02875e-16 1.57591e-16 2.63291e-16 2.04347e-16 1.3034e-12 1.34076e-12 1.29401e-12 1.00518e-12 1.67937e-12
70.7946 1.43104e-16 1.37499e-16 1.05752e-16 1.80794e-16 1.38673e-16 1.11353e-12 1.14911e-12 1.10411e-12 8.49177e-13 1.45176e-12
79.4328 9.71817e-17 9.30416e-17 7.07175e-17 1.24069e-16 9.38496e-17 9.4873e-13 9.82415e-13 9.40563e-13 7.14887e-13 1.25422e-12
89.1251 6.58326e-17 6.28159e-17 4.70766e-17 8.50744e-17 6.33422e-17 8.06127e-13 8.37821e-13 7.9943e-13 5.99122e-13 1.0827e-12
100 4.44864e-17 4.22948e-17 3.11986e-17 5.78062e-17 4.26356e-17 6.83098e-13 7.1275e-13 6.77637e-13 4.99857e-13 9.26157e-13
