results/errorbands/sed_veritas.ecsv
# %ECSV 0.9
# ---
# datatype:
# - {name: energy, unit: TeV, datatype: float64, format: 3g}
# - {name: dnde_mean, unit: 1 / (cm2 s TeV), datatype: float64, format: 3g}
# - {name: dnde_median, unit: 1 / (cm2 s TeV), datatype: float64, format: 3g}
# - {name: dnde_lo, unit: 1 / (cm2 s TeV), datatype: float64, format: 3g}
# - {name: dnde_hi, unit: 1 / (cm2 s TeV), datatype: float64, format: 3g}
# - {name: dnde_fit, unit: 1 / (cm2 s TeV), datatype: float64, format: 3g}
# - {name: e2dnde_fit, unit: erg / (cm2 s), datatype: float64, format: 3g}
# - {name: e2dnde_mean, unit: erg / (cm2 s), datatype: float64, format: 3g}
# - {name: e2dnde_median, unit: erg / (cm2 s), datatype: float64, format: 3g}
# - {name: e2dnde_lo, unit: erg / (cm2 s), datatype: float64, format: 3g}
# - {name: e2dnde_hi, unit: erg / (cm2 s), datatype: float64, format: 3g}
# schema: astropy-2.0
energy dnde_mean dnde_median dnde_lo dnde_hi dnde_fit e2dnde_fit e2dnde_mean e2dnde_median e2dnde_lo e2dnde_hi
0.01 5.87127e-07 2.51788e-07 7.6765e-08 9.24658e-07 2.64564e-07 4.23877e-11 9.40682e-11 4.03408e-11 1.22991e-11 1.48147e-10
0.0112202 4.58876e-07 2.14489e-07 6.91389e-08 7.35481e-07 2.2468e-07 4.53185e-11 9.25563e-11 4.32629e-11 1.39455e-11 1.48348e-10
0.0125893 3.5987e-07 1.84456e-07 6.17235e-08 5.79983e-07 1.90242e-07 4.83079e-11 9.13811e-11 4.68386e-11 1.56733e-11 1.47274e-10
0.0141254 2.83118e-07 1.57985e-07 5.53752e-08 4.56971e-07 1.60604e-07 5.13413e-11 9.0506e-11 5.05041e-11 1.77021e-11 1.46083e-10
0.0158489 2.23377e-07 1.34455e-07 5.00432e-08 3.59363e-07 1.3518e-07 5.44029e-11 8.98976e-11 5.41112e-11 2.01398e-11 1.44625e-10
0.0177828 1.76699e-07 1.12808e-07 4.49436e-08 2.82211e-07 1.13442e-07 5.74757e-11 8.95249e-11 5.71545e-11 2.27708e-11 1.42983e-10
0.0199526 1.40097e-07 9.44725e-08 3.97115e-08 2.22285e-07 9.49168e-08 6.05416e-11 8.93591e-11 6.02581e-11 2.53295e-11 1.41782e-10
0.0223872 1.113e-07 7.88679e-08 3.52626e-08 1.77417e-07 7.91807e-08 6.35813e-11 8.93729e-11 6.33302e-11 2.83155e-11 1.42464e-10
0.0251189 8.85742e-08 6.52933e-08 3.11392e-08 1.39813e-07 6.58569e-08 6.65751e-11 8.95401e-11 6.60053e-11 3.14788e-11 1.41337e-10
0.0281838 7.0589e-08 5.42008e-08 2.69802e-08 1.10007e-07 5.46123e-08 6.95026e-11 8.98354e-11 6.89789e-11 3.43364e-11 1.40001e-10
0.0316228 5.63197e-08 4.49303e-08 2.34837e-08 8.69181e-08 4.5153e-08 7.23431e-11 9.02341e-11 7.19863e-11 3.76251e-11 1.39258e-10
0.0354813 4.49732e-08 3.70308e-08 2.0422e-08 6.87621e-08 3.72211e-08 7.50758e-11 9.07118e-11 7.46919e-11 4.11916e-11 1.38695e-10
0.0398107 3.59332e-08 3.05013e-08 1.75428e-08 5.37973e-08 3.05914e-08 7.768e-11 9.12445e-11 7.74513e-11 4.45459e-11 1.36606e-10
0.0446684 2.87192e-08 2.50574e-08 1.5037e-08 4.17211e-08 2.50677e-08 8.01356e-11 9.18085e-11 8.01024e-11 4.80699e-11 1.33372e-10
0.0501187 2.29546e-08 2.05926e-08 1.28633e-08 3.26345e-08 2.04804e-08 8.2423e-11 9.23803e-11 8.28744e-11 5.17683e-11 1.31337e-10
0.0562341 1.83432e-08 1.6771e-08 1.09398e-08 2.53946e-08 1.66827e-08 8.45236e-11 9.29364e-11 8.49706e-11 5.54269e-11 1.28662e-10
0.0630957 1.46517e-08 1.36025e-08 9.256e-09 1.98028e-08 1.35489e-08 8.642e-11 9.3454e-11 8.67619e-11 5.90383e-11 1.2631e-10
0.0707946 1.16951e-08 1.10429e-08 7.81899e-09 1.54509e-08 1.0971e-08 8.80962e-11 9.39106e-11 8.86738e-11 6.27857e-11 1.24069e-10
0.0794328 9.32674e-09 8.92131e-09 6.56149e-09 1.20215e-08 8.8572e-09 8.95379e-11 9.42845e-11 9.0186e-11 6.63304e-11 1.21526e-10
0.0891251 7.42972e-09 7.17341e-09 5.41562e-09 9.33921e-09 7.1294e-09 9.07327e-11 9.45546e-11 9.12926e-11 6.89222e-11 1.18856e-10
0.1 5.91079e-09 5.76696e-09 4.50145e-09 7.29949e-09 5.72159e-09 9.16699e-11 9.47013e-11 9.23969e-11 7.21212e-11 1.16951e-10
0.112202 4.69534e-09 4.60451e-09 3.70813e-09 5.65031e-09 4.57811e-09 9.23415e-11 9.4706e-11 9.28739e-11 7.47937e-11 1.13968e-10
0.125893 3.72357e-09 3.66003e-09 3.05939e-09 4.39927e-09 3.65227e-09 9.27414e-11 9.45518e-11 9.29384e-11 7.76865e-11 1.1171e-10
0.141254 2.94748e-09 2.91335e-09 2.50127e-09 3.40086e-09 2.905e-09 9.2866e-11 9.4224e-11 9.31328e-11 7.99596e-11 1.08718e-10
0.158489 2.32849e-09 2.31702e-09 2.02961e-09 2.62333e-09 2.30376e-09 9.27144e-11 9.37098e-11 9.32483e-11 8.16812e-11 1.05576e-10
0.177828 1.83555e-09 1.8333e-09 1.6394e-09 2.03013e-09 1.82152e-09 9.22877e-11 9.29987e-11 9.28845e-11 8.30606e-11 1.02857e-10
0.199526 1.44367e-09 1.44439e-09 1.31711e-09 1.5689e-09 1.43594e-09 9.15899e-11 9.2083e-11 9.2129e-11 8.40103e-11 1.0007e-10
0.223872 1.13274e-09 1.13312e-09 1.05258e-09 1.21194e-09 1.12862e-09 9.06271e-11 9.09578e-11 9.09886e-11 8.45216e-11 9.73177e-11
0.251189 8.86543e-10 8.87488e-10 8.35522e-10 9.35646e-10 8.84432e-10 8.94077e-11 8.96211e-11 8.97166e-11 8.44634e-11 9.4585e-11
0.281838 6.92047e-10 6.91235e-10 6.59794e-10 7.23032e-10 6.91017e-10 8.79425e-11 8.80737e-11 8.79703e-11 8.39689e-11 9.2017e-11
0.316228 5.38764e-10 5.38675e-10 5.15859e-10 5.60639e-10 5.38293e-10 8.62441e-11 8.63195e-11 8.63052e-11 8.26498e-11 8.98243e-11
0.354813 4.18267e-10 4.18146e-10 4.00924e-10 4.34829e-10 4.18077e-10 8.4327e-11 8.43654e-11 8.43409e-11 8.08672e-11 8.77059e-11
0.398107 3.23797e-10 3.23421e-10 3.09997e-10 3.36849e-10 3.23743e-10 8.22073e-11 8.22211e-11 8.21256e-11 7.87169e-11 8.55352e-11
0.446684 2.49937e-10 2.5021e-10 2.37907e-10 2.6115e-10 2.49949e-10 7.99027e-11 7.98989e-11 7.99861e-11 7.60533e-11 8.34834e-11
0.501187 1.92356e-10 1.92637e-10 1.82297e-10 2.02445e-10 1.92401e-10 7.74317e-11 7.74135e-11 7.75266e-11 7.33653e-11 8.14738e-11
0.562341 1.476e-10 1.47868e-10 1.3901e-10 1.56323e-10 1.47663e-10 7.4814e-11 7.47818e-11 7.49176e-11 7.04297e-11 7.92014e-11
0.630957 1.12916e-10 1.12828e-10 1.05961e-10 1.20164e-10 1.12991e-10 7.20699e-11 7.20223e-11 7.19657e-11 6.75861e-11 7.6645e-11
0.707946 8.61219e-11 8.56763e-11 8.06735e-11 9.21732e-11 8.62027e-11 6.922e-11 6.91551e-11 6.87973e-11 6.478e-11 7.40142e-11
0.794328 6.54871e-11 6.49403e-11 6.11065e-11 7.02714e-11 6.557e-11 6.62851e-11 6.62012e-11 6.56485e-11 6.17728e-11 7.10377e-11
0.891251 4.96461e-11 4.93187e-11 4.62687e-11 5.34001e-11 4.97275e-11 6.32859e-11 6.31823e-11 6.27656e-11 5.8884e-11 6.79599e-11
1 3.75241e-11 3.72511e-11 3.48592e-11 4.04142e-11 3.76006e-11 6.02427e-11 6.01203e-11 5.96829e-11 5.58506e-11 6.47507e-11
1.12202 2.82777e-11 2.81346e-11 2.62213e-11 3.05554e-11 2.83465e-11 5.71754e-11 5.70367e-11 5.6748e-11 5.2889e-11 6.16309e-11
1.25893 2.12473e-11 2.11176e-11 1.95359e-11 2.30299e-11 2.13064e-11 5.41029e-11 5.39528e-11 5.36234e-11 4.96071e-11 5.84794e-11
1.41254 1.59188e-11 1.58235e-11 1.45609e-11 1.73184e-11 1.59672e-11 5.10433e-11 5.08886e-11 5.05841e-11 4.65476e-11 5.53629e-11
1.58489 1.1893e-11 1.18175e-11 1.08084e-11 1.30525e-11 1.19303e-11 4.80135e-11 4.78631e-11 4.75596e-11 4.34982e-11 5.25298e-11
1.77828 8.86088e-12 8.81781e-12 7.94571e-12 9.81074e-12 8.8876e-12 4.50293e-11 4.48939e-11 4.46757e-11 4.02571e-11 4.97064e-11
1.99526 6.58422e-12 6.54994e-12 5.82312e-12 7.32599e-12 6.60119e-12 4.21049e-11 4.19967e-11 4.1778e-11 3.7142e-11 4.6728e-11
2.23872 4.87994e-12 4.84652e-12 4.26039e-12 5.50117e-12 4.88841e-12 3.92535e-11 3.91855e-11 3.89171e-11 3.42106e-11 4.41739e-11
2.51189 3.60789e-12 3.57987e-12 3.08917e-12 4.12705e-12 3.60927e-12 3.64863e-11 3.64724e-11 3.61891e-11 3.12286e-11 4.17206e-11
2.81838 2.66116e-12 2.65088e-12 2.22107e-12 3.09484e-12 2.65691e-12 3.38133e-11 3.38673e-11 3.37366e-11 2.82665e-11 3.93866e-11
3.16228 1.95849e-12 1.94704e-12 1.59562e-12 2.32978e-12 1.95004e-12 3.1243e-11 3.13785e-11 3.11951e-11 2.55647e-11 3.73272e-11
3.54813 1.43836e-12 1.41973e-12 1.13016e-12 1.74814e-12 1.42697e-12 2.87823e-11 2.9012e-11 2.86362e-11 2.27955e-11 3.52603e-11
3.98107 1.05432e-12 1.04091e-12 8.03713e-13 1.30117e-12 1.0411e-12 2.64365e-11 2.6772e-11 2.64315e-11 2.04085e-11 3.30403e-11
4.46684 7.71442e-13 7.63287e-13 5.69229e-13 9.74741e-13 7.57318e-13 2.42097e-11 2.46612e-11 2.44005e-11 1.81969e-11 3.11602e-11
5.01187 5.63557e-13 5.53379e-13 3.97701e-13 7.33643e-13 5.4925e-13 2.21045e-11 2.26803e-11 2.22707e-11 1.60054e-11 2.95254e-11
5.62341 4.11107e-13 3.98038e-13 2.79574e-13 5.42118e-13 3.97163e-13 2.01224e-11 2.08288e-11 2.01667e-11 1.41647e-11 2.74666e-11
6.30957 2.99527e-13 2.83075e-13 1.95308e-13 4.01359e-13 2.86335e-13 1.82635e-11 1.9105e-11 1.80556e-11 1.24575e-11 2.56002e-11
7.07946 2.18008e-13 2.04065e-13 1.34735e-13 2.97063e-13 2.0582e-13 1.65271e-11 1.75058e-11 1.63862e-11 1.08191e-11 2.38539e-11
7.94328 1.58546e-13 1.45918e-13 9.23968e-14 2.20912e-13 1.47505e-13 1.49113e-11 1.60275e-11 1.47509e-11 9.34044e-12 2.23321e-11
8.91251 1.15234e-13 1.0428e-13 6.3308e-14 1.62971e-13 1.05398e-13 1.34135e-11 1.46653e-11 1.32712e-11 8.05691e-12 2.07405e-11
10 8.37245e-14 7.41443e-14 4.32204e-14 1.21452e-13 7.50868e-14 1.20302e-11 1.34141e-11 1.18792e-11 6.92468e-12 1.94587e-11
11.2202 6.08241e-14 5.2595e-14 2.95588e-14 8.98809e-14 5.33338e-14 1.07575e-11 1.22684e-11 1.06085e-11 5.96208e-12 1.81292e-11
12.5893 4.41937e-14 3.70893e-14 2.00514e-14 6.60616e-14 3.77701e-14 9.59089e-12 1.1222e-11 9.41802e-12 5.09161e-12 1.67749e-11
14.1254 3.21232e-14 2.62719e-14 1.35188e-14 4.90334e-14 2.66687e-14 8.52534e-12 1.0269e-11 8.39849e-12 4.32165e-12 1.56748e-11
15.8489 2.33651e-14 1.85638e-14 9.0421e-15 3.63049e-14 1.87742e-14 7.55563e-12 9.40326e-12 7.47095e-12 3.63898e-12 1.46109e-11
17.7828 1.70109e-14 1.30676e-14 6.08053e-15 2.68919e-14 1.31773e-14 6.67632e-12 8.61864e-12 6.62075e-12 3.08072e-12 1.36248e-11
19.9526 1.24e-14 9.1801e-15 3.99547e-15 1.98497e-14 9.22145e-15 5.88179e-12 7.90917e-12 5.85542e-12 2.54847e-12 1.26609e-11
22.3872 9.05253e-15 6.38861e-15 2.5791e-15 1.46737e-14 6.43397e-15 5.16641e-12 7.26909e-12 5.12999e-12 2.07099e-12 1.17828e-11
25.1189 6.62065e-15 4.42971e-15 1.68866e-15 1.06946e-14 4.47574e-15 4.52455e-12 6.69285e-12 4.47802e-12 1.70708e-12 1.08112e-11
28.1838 4.85221e-15 3.07588e-15 1.09494e-15 7.83869e-15 3.10426e-15 3.95065e-12 6.17519e-12 3.91453e-12 1.39348e-12 9.97594e-12
31.6228 3.56461e-15 2.12572e-15 7.07007e-16 5.77734e-15 2.14663e-15 3.43928e-12 5.71113e-12 3.40578e-12 1.13275e-12 9.25631e-12
35.4813 2.62568e-15 1.46335e-15 4.58453e-16 4.25329e-15 1.48001e-15 2.98521e-12 5.29605e-12 2.95161e-12 9.2471e-13 8.57898e-12
39.8107 1.93978e-15 1.0079e-15 2.98558e-16 3.13657e-15 1.01737e-15 2.58338e-12 4.92564e-12 2.55934e-12 7.58123e-13 7.96462e-12
44.6684 1.43768e-15 6.91758e-16 1.93596e-16 2.31195e-15 6.97264e-16 2.22899e-12 4.59592e-12 2.21139e-12 6.1888e-13 7.39075e-12
50.1187 1.06927e-15 4.73695e-16 1.23779e-16 1.70277e-15 4.76457e-16 1.91749e-12 4.30325e-12 1.90638e-12 4.98148e-13 6.85276e-12
56.2341 7.98242e-16 3.21802e-16 8.01256e-17 1.25329e-15 3.24606e-16 1.64463e-12 4.04431e-12 1.63042e-12 4.05959e-13 6.34984e-12
63.0957 5.98287e-16 2.18336e-16 5.07172e-17 9.19916e-16 2.20494e-16 1.40639e-12 3.8161e-12 1.39263e-12 3.23493e-13 5.86757e-12
70.7946 4.50305e-16 1.47569e-16 3.15077e-17 6.72212e-16 1.49329e-16 1.1991e-12 3.61591e-12 1.18496e-12 2.53003e-13 5.3978e-12
79.4328 3.40419e-16 9.92e-17 1.99307e-17 4.87192e-16 1.00832e-16 1.01931e-12 3.44132e-12 1.00282e-12 2.0148e-13 4.92505e-12
89.1251 2.58528e-16 6.62785e-17 1.24606e-17 3.52545e-16 6.78824e-17 8.63909e-13 3.29017e-12 8.43496e-13 1.58581e-13 4.48668e-12
100 1.97268e-16 4.43768e-17 7.68991e-18 2.53414e-16 4.55643e-17 7.3002e-13 3.16058e-12 7.10994e-13 1.23206e-13 4.06014e-12
