results/errorbands/sed_hess.ecsv
# %ECSV 0.9
# ---
# datatype:
# - {name: energy, unit: TeV, datatype: float64, format: 3g}
# - {name: dnde_mean, unit: 1 / (cm2 s TeV), datatype: float64, format: 3g}
# - {name: dnde_median, unit: 1 / (cm2 s TeV), datatype: float64, format: 3g}
# - {name: dnde_lo, unit: 1 / (cm2 s TeV), datatype: float64, format: 3g}
# - {name: dnde_hi, unit: 1 / (cm2 s TeV), datatype: float64, format: 3g}
# - {name: dnde_fit, unit: 1 / (cm2 s TeV), datatype: float64, format: 3g}
# - {name: e2dnde_fit, unit: erg / (cm2 s), datatype: float64, format: 3g}
# - {name: e2dnde_mean, unit: erg / (cm2 s), datatype: float64, format: 3g}
# - {name: e2dnde_median, unit: erg / (cm2 s), datatype: float64, format: 3g}
# - {name: e2dnde_lo, unit: erg / (cm2 s), datatype: float64, format: 3g}
# - {name: e2dnde_hi, unit: erg / (cm2 s), datatype: float64, format: 3g}
# schema: astropy-2.0
energy dnde_mean dnde_median dnde_lo dnde_hi dnde_fit e2dnde_fit e2dnde_mean e2dnde_median e2dnde_lo e2dnde_hi
0.01 2.41312e-06 9.07282e-08 5.93893e-09 1.40345e-06 8.88835e-08 1.42407e-11 3.86625e-10 1.45363e-11 9.51522e-13 2.24857e-10
0.0112202 1.71426e-06 8.16915e-08 5.97706e-09 1.1173e-06 7.99157e-08 1.61192e-11 3.4577e-10 1.64774e-11 1.20558e-12 2.25361e-10
0.0125893 1.22498e-06 7.32345e-08 6.00637e-09 8.89623e-07 7.15457e-08 1.81674e-11 3.11056e-10 1.85963e-11 1.52519e-12 2.259e-10
0.0141254 8.80517e-07 6.51212e-08 5.98847e-09 7.07064e-07 6.37786e-08 2.03885e-11 2.81481e-10 2.08177e-11 1.91437e-12 2.26031e-10
0.0158489 6.36653e-07 5.74603e-08 5.8961e-09 5.61284e-07 5.66118e-08 2.27834e-11 2.5622e-10 2.31248e-11 2.37288e-12 2.25888e-10
0.0177828 4.63029e-07 5.05009e-08 5.76778e-09 4.41899e-07 5.00357e-08 2.53507e-11 2.34595e-10 2.55864e-11 2.92226e-12 2.23889e-10
0.0199526 3.3871e-07 4.42552e-08 5.62787e-09 3.52401e-07 4.40344e-08 2.80868e-11 2.16042e-10 2.82276e-11 3.58967e-12 2.24775e-10
0.0223872 2.49188e-07 3.88677e-08 5.44439e-09 2.78564e-07 3.85874e-08 3.09853e-11 2.00095e-10 3.12104e-11 4.3718e-12 2.23684e-10
0.0251189 1.84355e-07 3.41061e-08 5.22863e-09 2.19877e-07 3.36697e-08 3.40369e-11 1.86366e-10 3.4478e-11 5.28565e-12 2.22275e-10
0.0281838 1.37137e-07 2.98031e-08 4.98637e-09 1.73417e-07 2.92532e-08 3.72292e-11 1.74528e-10 3.7929e-11 6.34592e-12 2.207e-10
0.0316228 1.02554e-07 2.58707e-08 4.72406e-09 1.36892e-07 2.53074e-08 4.05469e-11 1.6431e-10 4.14495e-11 7.56877e-12 2.19325e-10
0.0354813 7.70849e-08 2.22436e-08 4.46401e-09 1.0675e-07 2.18003e-08 4.39716e-11 1.55482e-10 4.48657e-11 9.004e-12 2.15318e-10
0.0398107 5.82247e-08 1.90213e-08 4.16515e-09 8.35715e-08 1.86989e-08 4.74818e-11 1.47849e-10 4.83005e-11 1.05765e-11 2.12211e-10
0.0446684 4.41838e-08 1.63304e-08 3.86738e-09 6.58102e-08 1.59703e-08 5.10531e-11 1.41245e-10 5.22045e-11 1.23631e-11 2.1038e-10
0.0501187 3.36761e-08 1.3853e-08 3.56818e-09 5.19357e-08 1.35815e-08 5.46585e-11 1.35529e-10 5.57512e-11 1.43601e-11 2.09014e-10
0.0562341 2.57727e-08 1.17794e-08 3.28711e-09 4.09016e-08 1.15007e-08 5.82685e-11 1.30578e-10 5.96804e-11 1.66542e-11 2.07229e-10
0.0630957 1.9799e-08 9.96587e-09 2.98045e-09 3.17709e-08 9.69705e-09 6.18515e-11 1.26285e-10 6.35661e-11 1.90104e-11 2.02647e-10
0.0707946 1.52627e-08 8.37947e-09 2.69594e-09 2.45579e-08 8.14135e-09 6.53742e-11 1.22558e-10 6.72864e-11 2.16481e-11 1.97198e-10
0.0794328 1.18027e-08 7.0047e-09 2.42255e-09 1.91394e-08 6.80602e-09 6.88024e-11 1.19314e-10 7.08109e-11 2.44896e-11 1.93481e-10
0.0891251 9.15239e-09 5.80429e-09 2.16255e-09 1.48032e-08 5.6654e-09 7.2101e-11 1.16478e-10 7.38685e-11 2.75218e-11 1.88393e-10
0.1 7.11443e-09 4.78603e-09 1.92416e-09 1.15924e-08 4.69579e-09 7.52348e-11 1.13986e-10 7.66807e-11 3.08284e-11 1.85731e-10
0.112202 5.54162e-09 3.94712e-09 1.69769e-09 8.97491e-09 3.87549e-09 7.81694e-11 1.11776e-10 7.96143e-11 3.42427e-11 1.81026e-10
0.125893 4.32379e-09 3.2315e-09 1.48784e-09 6.92766e-09 3.18482e-09 8.08714e-11 1.09793e-10 8.20568e-11 3.77804e-11 1.75913e-10
0.141254 3.378e-09 2.64457e-09 1.30531e-09 5.35662e-09 2.60605e-09 8.33094e-11 1.07987e-10 8.45407e-11 4.17276e-11 1.71238e-10
0.158489 2.64157e-09 2.15059e-09 1.12712e-09 4.14447e-09 2.12335e-09 8.54541e-11 1.0631e-10 8.65501e-11 4.53609e-11 1.66794e-10
0.177828 2.06685e-09 1.74491e-09 9.67707e-10 3.16508e-09 1.72267e-09 8.72795e-11 1.04718e-10 8.84061e-11 4.90291e-11 1.6036e-10
0.199526 1.61751e-09 1.41009e-09 8.24095e-10 2.41877e-09 1.39162e-09 8.8763e-11 1.03171e-10 8.99407e-11 5.25639e-11 1.54278e-10
0.223872 1.26565e-09 1.13477e-09 6.94367e-10 1.84264e-09 1.11939e-09 8.9886e-11 1.01631e-10 9.11207e-11 5.5757e-11 1.47962e-10
0.251189 9.8984e-10 9.08594e-10 5.78806e-10 1.39463e-09 8.96566e-10 9.06343e-11 1.00063e-10 9.18503e-11 5.85118e-11 1.40983e-10
0.281838 7.73481e-10 7.2439e-10 4.83623e-10 1.06181e-09 7.15028e-10 9.09984e-11 9.84373e-11 9.21898e-11 6.15484e-11 1.35132e-10
0.316228 6.03707e-10 5.75514e-10 4.01215e-10 8.05708e-10 5.67812e-10 9.09735e-11 9.67245e-11 9.22075e-11 6.42817e-11 1.29089e-10
0.354813 4.70499e-10 4.52863e-10 3.30056e-10 6.11918e-10 4.48979e-10 9.056e-11 9.49005e-11 9.13435e-11 6.65729e-11 1.23425e-10
0.398107 3.66029e-10 3.56217e-10 2.69852e-10 4.62383e-10 3.53499e-10 8.97632e-11 9.29451e-11 9.04535e-11 6.8523e-11 1.17412e-10
0.446684 2.84168e-10 2.79313e-10 2.19541e-10 3.48765e-10 2.77134e-10 8.85932e-11 9.08417e-11 8.92898e-11 7.0182e-11 1.11492e-10
0.501187 2.20099e-10 2.17761e-10 1.7751e-10 2.61721e-10 2.16338e-10 8.70649e-11 8.85785e-11 8.76375e-11 7.14385e-11 1.05329e-10
0.562341 1.70034e-10 1.69254e-10 1.4325e-10 1.95949e-10 1.68157e-10 8.51973e-11 8.6148e-11 8.5753e-11 7.25778e-11 9.92781e-11
0.630957 1.30985e-10 1.30441e-10 1.14137e-10 1.4743e-10 1.30148e-10 8.30136e-11 8.35473e-11 8.32e-11 7.28008e-11 9.40366e-11
0.707946 1.00597e-10 1.00338e-10 9.05248e-11 1.10449e-10 1.003e-10 8.05402e-11 8.07784e-11 8.05703e-11 7.26906e-11 8.86893e-11
0.794328 7.70078e-11 7.69286e-11 7.12626e-11 8.28415e-11 7.69673e-11 7.78067e-11 7.78476e-11 7.77675e-11 7.20397e-11 8.37449e-11
0.891251 5.87478e-11 5.87404e-11 5.54928e-11 6.19967e-11 5.88099e-11 7.48447e-11 7.47656e-11 7.47562e-11 7.06231e-11 7.89003e-11
1 4.46563e-11 4.46346e-11 4.2929e-11 4.64165e-11 4.47441e-11 7.16879e-11 7.15473e-11 7.15124e-11 6.87799e-11 7.43674e-11
1.12202 3.38177e-11 3.38207e-11 3.27816e-11 3.48008e-11 3.38969e-11 6.83708e-11 6.82111e-11 6.8217e-11 6.61211e-11 7.01939e-11
1.25893 2.55106e-11 2.54945e-11 2.47563e-11 2.63188e-11 2.55697e-11 6.49286e-11 6.47784e-11 6.47376e-11 6.28631e-11 6.68307e-11
1.41254 1.91673e-11 1.91538e-11 1.84489e-11 1.98535e-11 1.92058e-11 6.13963e-11 6.12734e-11 6.12301e-11 5.89767e-11 6.34669e-11
1.58489 1.43426e-11 1.43225e-11 1.37248e-11 1.49707e-11 1.43641e-11 5.7808e-11 5.77217e-11 5.76409e-11 5.52351e-11 6.02496e-11
1.77828 1.06878e-11 1.068e-11 1.01614e-11 1.12344e-11 1.06971e-11 5.41969e-11 5.41502e-11 5.41107e-11 5.14828e-11 5.69195e-11
1.99526 7.93087e-12 7.91926e-12 7.48324e-12 8.39576e-12 7.93215e-12 5.05943e-11 5.05861e-11 5.05121e-11 4.77309e-11 5.35513e-11
2.23872 5.86013e-12 5.83987e-12 5.48509e-12 6.22795e-12 5.85677e-12 4.70293e-11 4.70563e-11 4.68936e-11 4.40447e-11 5.00099e-11
2.51189 4.31163e-12 4.30081e-12 4.01967e-12 4.59199e-12 4.30592e-12 4.35287e-11 4.35865e-11 4.34771e-11 4.0635e-11 4.64206e-11
2.81838 3.15882e-12 3.16219e-12 2.9338e-12 3.37827e-12 3.1522e-12 4.01166e-11 4.02008e-11 4.02437e-11 3.73371e-11 4.29937e-11
3.16228 2.30445e-12 2.30614e-12 2.13641e-12 2.46347e-12 2.29774e-12 3.68139e-11 3.69213e-11 3.69485e-11 3.4229e-11 3.94691e-11
3.54813 1.67412e-12 1.6803e-12 1.54538e-12 1.78919e-12 1.66775e-12 3.36388e-11 3.37673e-11 3.38921e-11 3.11707e-11 3.60883e-11
3.98107 1.21118e-12 1.21561e-12 1.1109e-12 1.30199e-12 1.20531e-12 3.06062e-11 3.07552e-11 3.08677e-11 2.82089e-11 3.30611e-11
4.46684 8.72704e-13 8.73889e-13 7.9784e-13 9.44225e-13 8.67378e-13 2.7728e-11 2.78983e-11 2.79362e-11 2.5505e-11 3.01846e-11
5.01187 6.26335e-13 6.27196e-13 5.67015e-13 6.84133e-13 6.21524e-13 2.50131e-11 2.52068e-11 2.52414e-11 2.28194e-11 2.75328e-11
5.62341 4.47793e-13 4.46544e-13 4.02589e-13 4.94042e-13 4.43453e-13 2.24677e-11 2.26876e-11 2.26243e-11 2.03973e-11 2.50308e-11
6.30957 3.18962e-13 3.16965e-13 2.82134e-13 3.56266e-13 3.15049e-13 2.0095e-11 2.03446e-11 2.02173e-11 1.79956e-11 2.2724e-11
7.07946 2.2639e-13 2.24159e-13 1.96155e-13 2.57047e-13 2.22868e-13 1.78961e-11 1.81789e-11 1.79998e-11 1.5751e-11 2.06406e-11
7.94328 1.60143e-13 1.58589e-13 1.34996e-13 1.85404e-13 1.56986e-13 1.58697e-11 1.6189e-11 1.60319e-11 1.36468e-11 1.87426e-11
8.91251 1.12921e-13 1.11073e-13 9.2064e-14 1.33528e-13 1.10106e-13 1.40127e-11 1.4371e-11 1.41357e-11 1.17166e-11 1.69936e-11
10 7.93868e-14 7.74258e-14 6.26962e-14 9.56325e-14 7.68958e-14 1.23201e-11 1.27192e-11 1.2405e-11 1.0045e-11 1.5322e-11
11.2202 5.56576e-14 5.38158e-14 4.21218e-14 6.91467e-14 5.3473e-14 1.07856e-11 1.12262e-11 1.08548e-11 8.49605e-12 1.3947e-11
12.5893 3.89232e-14 3.73013e-14 2.81206e-14 4.98019e-14 3.7026e-14 9.40194e-12 9.88367e-12 9.47183e-12 7.1406e-12 1.26461e-11
14.1254 2.71588e-14 2.56624e-14 1.8768e-14 3.5857e-14 2.55282e-14 8.16075e-12 8.68203e-12 8.20365e-12 5.9997e-12 1.14626e-11
15.8489 1.89125e-14 1.76129e-14 1.2404e-14 2.59057e-14 1.75256e-14 7.05315e-12 7.61132e-12 7.08827e-12 4.99198e-12 1.04257e-11
17.7828 1.31476e-14 1.20469e-14 8.10483e-15 1.86383e-14 1.19803e-14 6.06983e-12 6.66128e-12 6.10361e-12 4.10634e-12 9.44312e-12
19.9526 9.12706e-15 8.18259e-15 5.26032e-15 1.33486e-14 8.15455e-15 5.20128e-12 5.82158e-12 5.21917e-12 3.35523e-12 8.51425e-12
22.3872 6.32895e-15 5.55129e-15 3.40883e-15 9.50519e-15 5.5268e-15 4.43797e-12 5.08209e-12 4.45763e-12 2.73726e-12 7.63258e-12
25.1189 4.38515e-15 3.73655e-15 2.19262e-15 6.76281e-15 3.72983e-15 3.7705e-12 4.43297e-12 3.7773e-12 2.21653e-12 6.83656e-12
28.1838 3.03688e-15 2.49524e-15 1.39662e-15 4.80144e-15 2.50636e-15 3.18973e-12 3.8649e-12 3.17557e-12 1.77742e-12 6.11058e-12
31.6228 2.1028e-15 1.65245e-15 8.852e-16 3.40184e-15 1.67702e-15 2.68688e-12 3.36906e-12 2.64751e-12 1.41825e-12 5.45035e-12
35.4813 1.45625e-15 1.10788e-15 5.56229e-16 2.41704e-15 1.11731e-15 2.25364e-12 2.93728e-12 2.23463e-12 1.12193e-12 4.87521e-12
39.8107 1.00897e-15 7.3888e-16 3.4672e-16 1.71221e-15 7.41225e-16 1.88218e-12 2.56205e-12 1.87622e-12 8.80419e-13 4.34778e-12
44.6684 6.99619e-16 4.82923e-16 2.15473e-16 1.21879e-15 4.89628e-16 1.56522e-12 2.23652e-12 1.54379e-12 6.88816e-13 3.89619e-12
50.1187 4.85647e-16 3.15116e-16 1.33759e-16 8.66111e-16 3.2205e-16 1.29608e-12 1.95448e-12 1.26818e-12 5.38313e-13 3.48565e-12
56.2341 3.37586e-16 2.08628e-16 8.23195e-17 6.02273e-16 2.10921e-16 1.06864e-12 1.71039e-12 1.05702e-12 4.17074e-13 3.05143e-12
63.0957 2.3506e-16 1.37064e-16 5.07086e-17 4.19593e-16 1.37549e-16 8.77339e-13 1.4993e-12 8.74246e-13 3.23439e-13 2.67632e-12
70.7946 1.63992e-16 8.89146e-17 3.06385e-17 2.91909e-16 8.93171e-17 7.17208e-13 1.31684e-12 7.13976e-13 2.46024e-13 2.344e-12
79.4328 1.14664e-16 5.78105e-17 1.83714e-17 2.02875e-16 5.77501e-17 5.83799e-13 1.15914e-12 5.84409e-13 1.85718e-13 2.05087e-12
89.1251 8.0371e-17 3.7341e-17 1.09409e-17 1.40855e-16 3.71801e-17 4.73175e-13 1.02284e-12 4.75222e-13 1.3924e-13 1.7926e-12
100 5.64854e-17 2.40622e-17 6.5262e-18 9.76626e-17 2.38347e-17 3.81874e-13 9.04996e-13 3.8552e-13 1.04561e-13 1.56473e-12
