results/errorbands/sed_fact.ecsv
# %ECSV 0.9
# ---
# datatype:
# - {name: energy, unit: TeV, datatype: float64, format: 3g}
# - {name: dnde_mean, unit: 1 / (cm2 s TeV), datatype: float64, format: 3g}
# - {name: dnde_median, unit: 1 / (cm2 s TeV), datatype: float64, format: 3g}
# - {name: dnde_lo, unit: 1 / (cm2 s TeV), datatype: float64, format: 3g}
# - {name: dnde_hi, unit: 1 / (cm2 s TeV), datatype: float64, format: 3g}
# - {name: dnde_fit, unit: 1 / (cm2 s TeV), datatype: float64, format: 3g}
# - {name: e2dnde_fit, unit: erg / (cm2 s), datatype: float64, format: 3g}
# - {name: e2dnde_mean, unit: erg / (cm2 s), datatype: float64, format: 3g}
# - {name: e2dnde_median, unit: erg / (cm2 s), datatype: float64, format: 3g}
# - {name: e2dnde_lo, unit: erg / (cm2 s), datatype: float64, format: 3g}
# - {name: e2dnde_hi, unit: erg / (cm2 s), datatype: float64, format: 3g}
# schema: astropy-2.0
energy dnde_mean dnde_median dnde_lo dnde_hi dnde_fit e2dnde_fit e2dnde_mean e2dnde_median e2dnde_lo e2dnde_hi
0.01 1.84133e-05 8.81704e-08 2.21066e-09 3.20487e-06 8.44497e-08 1.35303e-11 2.95014e-09 1.41265e-11 3.54187e-13 5.13477e-10
0.0112202 1.15286e-05 7.9507e-08 2.33325e-09 2.4596e-06 7.64606e-08 1.54223e-11 2.32535e-09 1.60367e-11 4.70622e-13 4.96106e-10
0.0125893 7.28133e-06 7.18187e-08 2.47553e-09 1.88759e-06 6.88894e-08 1.74929e-11 1.84893e-09 1.82368e-11 6.28605e-13 4.79311e-10
0.0141254 4.6401e-06 6.354e-08 2.62391e-09 1.45055e-06 6.1765e-08 1.97448e-11 1.48333e-09 2.03122e-11 8.38801e-13 4.63707e-10
0.0158489 2.98411e-06 5.63889e-08 2.75626e-09 1.11952e-06 5.51072e-08 2.21778e-11 1.20095e-09 2.26936e-11 1.10925e-12 4.50547e-10
0.0177828 1.9371e-06 5.0494e-08 2.85401e-09 8.66494e-07 4.89271e-08 2.4789e-11 9.81435e-10 2.55829e-11 1.44599e-12 4.39012e-10
0.0199526 1.26941e-06 4.50966e-08 2.89002e-09 6.69546e-07 4.32281e-08 2.75725e-11 8.09677e-10 2.87643e-11 1.84337e-12 4.27062e-10
0.0223872 8.39878e-07 3.96645e-08 2.89435e-09 5.16504e-07 3.80065e-08 3.05189e-11 6.74414e-10 3.18502e-11 2.32414e-12 4.14748e-10
0.0251189 5.61084e-07 3.45536e-08 2.89946e-09 3.92678e-07 3.32526e-08 3.36152e-11 5.67202e-10 3.49305e-11 2.93108e-12 3.9696e-10
0.0281838 3.78485e-07 2.9664e-08 2.86309e-09 3.02483e-07 2.89513e-08 3.6845e-11 4.81681e-10 3.7752e-11 3.64373e-12 3.84956e-10
0.0316228 2.57793e-07 2.57638e-08 2.79069e-09 2.31133e-07 2.50834e-08 4.0188e-11 4.13031e-10 4.12782e-11 4.47117e-12 3.70315e-10
0.0354813 1.77282e-07 2.24186e-08 2.65088e-09 1.75729e-07 2.16262e-08 4.36204e-11 3.57581e-10 4.52187e-11 5.34687e-12 3.5445e-10
0.0398107 1.23075e-07 1.92934e-08 2.54475e-09 1.3608e-07 1.85545e-08 4.7115e-11 3.12521e-10 4.89912e-11 6.46184e-12 3.45544e-10
0.0446684 8.62395e-08 1.65528e-08 2.46481e-09 1.04761e-07 1.58414e-08 5.06411e-11 2.75687e-10 5.29153e-11 7.8794e-12 3.34896e-10
0.0501187 6.09774e-08 1.42017e-08 2.35408e-09 7.95578e-08 1.3459e-08 5.41656e-11 2.45403e-10 5.71546e-11 9.47396e-12 3.20179e-10
0.0562341 4.34936e-08 1.19186e-08 2.21808e-09 6.13129e-08 1.13791e-08 5.76526e-11 2.20362e-10 6.03857e-11 1.1238e-11 3.10643e-10
0.0630957 3.1284e-08 9.95107e-09 2.07238e-09 4.6547e-08 9.57368e-09 6.10646e-11 1.99541e-10 6.34717e-11 1.32184e-11 2.96895e-10
0.0707946 2.26819e-08 8.32114e-09 1.93524e-09 3.49838e-08 8.0154e-09 6.43629e-11 1.82134e-10 6.68179e-11 1.55398e-11 2.80917e-10
0.0794328 1.65692e-08 6.87852e-09 1.78852e-09 2.65021e-08 6.678e-09 6.75082e-11 1.67499e-10 6.95353e-11 1.80803e-11 2.67911e-10
0.0891251 1.2189e-08 5.68556e-09 1.62676e-09 1.99856e-08 5.5366e-09 7.04618e-11 1.55124e-10 7.23575e-11 2.0703e-11 2.54348e-10
0.1 9.02504e-09 4.69884e-09 1.44959e-09 1.51533e-08 4.56789e-09 7.31857e-11 1.44597e-10 7.52837e-11 2.32249e-11 2.42783e-10
0.112202 6.72197e-09 3.83512e-09 1.29234e-09 1.14913e-08 3.75028e-09 7.56439e-11 1.35584e-10 7.73551e-11 2.60667e-11 2.31783e-10
0.125893 5.0333e-09 3.14132e-09 1.1498e-09 8.69045e-09 3.06398e-09 7.78031e-11 1.27809e-10 7.97668e-11 2.91967e-11 2.20675e-10
0.141254 3.78662e-09 2.54638e-09 1.01305e-09 6.43041e-09 2.49107e-09 7.96334e-11 1.21049e-10 8.14016e-11 3.23848e-11 2.05565e-10
0.158489 2.86038e-09 2.03871e-09 8.7941e-10 4.76735e-09 2.01539e-09 8.11091e-11 1.15115e-10 8.20475e-11 3.53917e-11 1.91861e-10
0.177828 2.16817e-09 1.63467e-09 7.56588e-10 3.49781e-09 1.62259e-09 8.22089e-11 1.09851e-10 8.28211e-11 3.83327e-11 1.77217e-10
0.199526 1.64812e-09 1.31143e-09 6.46118e-10 2.57482e-09 1.29997e-09 8.2917e-11 1.05124e-10 8.36478e-11 4.12118e-11 1.64231e-10
0.223872 1.25557e-09 1.04906e-09 5.48455e-10 1.94155e-09 1.03641e-09 8.32231e-11 1.00821e-10 8.42385e-11 4.40404e-11 1.55904e-10
0.251189 9.58024e-10 8.28836e-10 4.65347e-10 1.44711e-09 8.2226e-10 8.31227e-11 9.68472e-11 8.37874e-11 4.70422e-11 1.46289e-10
0.281838 7.31712e-10 6.58938e-10 3.94136e-10 1.05737e-09 6.49173e-10 8.26172e-11 9.31216e-11 8.386e-11 5.01599e-11 1.34567e-10
0.316228 5.59085e-10 5.20177e-10 3.26037e-10 7.85339e-10 5.10019e-10 8.17141e-11 8.95752e-11 8.33415e-11 5.22369e-11 1.25825e-10
0.354813 4.27116e-10 4.07505e-10 2.69708e-10 5.8114e-10 3.98739e-10 8.04265e-11 8.61501e-11 8.21946e-11 5.44007e-11 1.17217e-10
0.398107 3.2607e-10 3.15311e-10 2.22297e-10 4.2164e-10 3.10217e-10 7.87728e-11 8.27982e-11 8.00663e-11 5.64473e-11 1.07066e-10
0.446684 2.48629e-10 2.43281e-10 1.79304e-10 3.12003e-10 2.4017e-10 7.67766e-11 7.94809e-11 7.77711e-11 5.73193e-11 9.974e-11
0.501187 1.89261e-10 1.85452e-10 1.44988e-10 2.33655e-10 1.85032e-10 7.44659e-11 7.61679e-11 7.46348e-11 5.83503e-11 9.40342e-11
0.562341 1.43761e-10 1.41751e-10 1.1425e-10 1.7263e-10 1.41857e-10 7.18722e-11 7.28371e-11 7.18187e-11 5.78852e-11 8.74634e-11
0.630957 1.08922e-10 1.0801e-10 8.99163e-11 1.27066e-10 1.08225e-10 6.90303e-11 6.94743e-11 6.88926e-11 5.73521e-11 8.10476e-11
0.707946 8.22826e-11 8.17672e-11 7.04089e-11 9.31174e-11 8.21644e-11 6.59772e-11 6.60722e-11 6.56583e-11 5.65377e-11 7.47724e-11
0.794328 6.19545e-11 6.17806e-11 5.48812e-11 6.87617e-11 6.20745e-11 6.27515e-11 6.26301e-11 6.24543e-11 5.54797e-11 6.95116e-11
0.891251 4.64803e-11 4.64961e-11 4.20751e-11 5.08411e-11 4.6668e-11 5.93922e-11 5.91534e-11 5.91734e-11 5.35471e-11 6.47031e-11
1 3.47357e-11 3.47265e-11 3.17411e-11 3.76686e-11 3.4914e-11 5.59384e-11 5.56527e-11 5.5638e-11 5.08549e-11 6.03517e-11
1.12202 2.58515e-11 2.5856e-11 2.3858e-11 2.7911e-11 2.59929e-11 5.24283e-11 5.21431e-11 5.21521e-11 4.81221e-11 5.6297e-11
1.25893 1.91562e-11 1.91145e-11 1.76605e-11 2.07532e-11 1.92569e-11 4.88987e-11 4.86428e-11 4.8537e-11 4.48451e-11 5.26981e-11
1.41254 1.41308e-11 1.41093e-11 1.29774e-11 1.53175e-11 1.41969e-11 4.53841e-11 4.51729e-11 4.51041e-11 4.14856e-11 4.89665e-11
1.58489 1.03754e-11 1.03465e-11 9.45504e-12 1.12878e-11 1.04154e-11 4.19166e-11 4.17556e-11 4.16394e-11 3.80517e-11 4.54274e-11
1.77828 7.58185e-12 7.55671e-12 6.89388e-12 8.2426e-12 7.60385e-12 3.85251e-11 3.84137e-11 3.82863e-11 3.4928e-11 4.17614e-11
1.99526 5.51383e-12 5.48266e-12 4.99487e-12 6.04882e-12 5.52417e-12 3.52352e-11 3.51693e-11 3.49705e-11 3.18592e-11 3.85817e-11
2.23872 3.9905e-12 3.96953e-12 3.59572e-12 4.39439e-12 3.9937e-12 3.2069e-11 3.20434e-11 3.1875e-11 2.88733e-11 3.52865e-11
2.51189 2.87411e-12 2.85406e-12 2.57031e-12 3.17468e-12 2.87316e-12 2.90449e-11 2.90545e-11 2.88518e-11 2.59834e-11 3.2093e-11
2.81838 2.06017e-12 2.05171e-12 1.83643e-12 2.28086e-12 2.05693e-12 2.61776e-11 2.62188e-11 2.61111e-11 2.33714e-11 2.90275e-11
3.16228 1.46982e-12 1.46876e-12 1.29848e-12 1.62784e-12 1.46539e-12 2.34782e-11 2.3549e-11 2.35321e-11 2.08039e-11 2.60809e-11
3.54813 1.04385e-12 1.04066e-12 9.19966e-13 1.1596e-12 1.03888e-12 2.09543e-11 2.10547e-11 2.09903e-11 1.85559e-11 2.33894e-11
3.98107 7.38072e-13 7.36636e-13 6.45807e-13 8.30609e-13 7.32908e-13 1.86106e-11 1.87417e-11 1.87052e-11 1.63988e-11 2.10915e-11
4.46684 5.19674e-13 5.21592e-13 4.47353e-13 5.91837e-13 5.1453e-13 1.64483e-11 1.66128e-11 1.66741e-11 1.43008e-11 1.89196e-11
5.01187 3.6445e-13 3.64769e-13 3.06689e-13 4.23415e-13 3.59457e-13 1.44663e-11 1.46672e-11 1.46801e-11 1.23427e-11 1.70403e-11
5.62341 2.54646e-13 2.53666e-13 2.08897e-13 3.01513e-13 2.49896e-13 1.2661e-11 1.29017e-11 1.2852e-11 1.05838e-11 1.52763e-11
6.30957 1.77321e-13 1.75561e-13 1.40731e-13 2.13638e-13 1.7288e-13 1.1027e-11 1.13102e-11 1.11979e-11 8.97639e-12 1.36266e-11
7.07946 1.23099e-13 1.20678e-13 9.48992e-14 1.53686e-13 1.19017e-13 9.55694e-12 9.88474e-12 9.69035e-12 7.62031e-12 1.23408e-11
7.94328 8.52285e-14 8.26727e-14 6.27095e-14 1.09057e-13 8.15355e-14 8.24247e-12 8.6158e-12 8.35743e-12 6.33933e-12 1.10246e-11
8.91251 5.88742e-14 5.60333e-14 4.11857e-14 7.78136e-14 5.55853e-14 7.07409e-12 7.49264e-12 7.1311e-12 5.24152e-12 9.90297e-12
10 4.05939e-14 3.78525e-14 2.66955e-14 5.55266e-14 3.77094e-14 6.04171e-12 6.50387e-12 6.06464e-12 4.27708e-12 8.89634e-12
11.2202 2.79507e-14 2.53191e-14 1.71627e-14 3.93529e-14 2.54574e-14 5.13481e-12 5.63772e-12 5.10692e-12 3.46175e-12 7.93756e-12
12.5893 1.92277e-14 1.71116e-14 1.0947e-14 2.81457e-14 1.71023e-14 4.34274e-12 4.88245e-12 4.34512e-12 2.77974e-12 7.14697e-12
14.1254 1.32215e-14 1.14094e-14 6.82472e-15 2.00887e-14 1.14332e-14 3.65493e-12 4.22659e-12 3.64732e-12 2.1817e-12 6.42189e-12
15.8489 9.09225e-15 7.57228e-15 4.29617e-15 1.43615e-14 7.60605e-15 3.06104e-12 3.65916e-12 3.04745e-12 1.72899e-12 5.77977e-12
17.7828 6.25645e-15 5.01684e-15 2.66972e-15 1.02434e-14 5.0353e-15 2.55115e-12 3.16985e-12 2.5418e-12 1.35262e-12 5.18986e-12
19.9526 4.30997e-15 3.26582e-15 1.66547e-15 7.15223e-15 3.31716e-15 2.11581e-12 2.74906e-12 2.08306e-12 1.0623e-12 4.56197e-12
22.3872 2.97397e-15 2.11998e-15 1.01277e-15 5.07879e-15 2.17462e-15 1.7462e-12 2.38807e-12 1.70232e-12 8.13244e-13 4.07822e-12
25.1189 2.05652e-15 1.37789e-15 6.15887e-16 3.5744e-15 1.41865e-15 1.43412e-12 2.07895e-12 1.39292e-12 6.22603e-13 3.61338e-12
28.1838 1.42588e-15 8.89664e-16 3.69017e-16 2.5531e-15 9.20966e-16 1.17207e-12 1.81465e-12 1.13223e-12 4.69631e-13 3.24921e-12
31.6228 9.91724e-16 5.72308e-16 2.14331e-16 1.82863e-15 5.94958e-16 9.53228e-13 1.58892e-12 9.16938e-13 3.43396e-13 2.92979e-12
35.4813 6.92234e-16 3.6855e-16 1.27314e-16 1.28468e-15 3.82477e-16 7.71464e-13 1.39625e-12 7.43372e-13 2.56795e-13 2.59122e-12
39.8107 4.85124e-16 2.36272e-16 7.39974e-17 9.0003e-16 2.4468e-16 6.21311e-13 1.23186e-12 5.99961e-13 1.879e-13 2.28543e-12
44.6684 3.41476e-16 1.50758e-16 4.38675e-17 6.28999e-16 1.55764e-16 4.97942e-13 1.09162e-12 4.81936e-13 1.40234e-13 2.01076e-12
50.1187 2.41508e-16 9.49795e-17 2.56531e-17 4.38673e-16 9.86763e-17 3.97122e-13 9.71945e-13 3.82243e-13 1.0324e-13 1.76543e-12
56.2341 1.71674e-16 6.05337e-17 1.4812e-17 3.08141e-16 6.22061e-17 3.15169e-13 8.69792e-13 3.06695e-13 7.50455e-14 1.5612e-12
63.0957 1.22689e-16 3.82799e-17 8.43086e-18 2.12417e-16 3.90237e-17 2.48908e-13 7.82559e-13 2.44164e-13 5.37752e-14 1.35488e-12
70.7946 8.81749e-17 2.41597e-17 4.73478e-18 1.47007e-16 2.43613e-17 1.95619e-13 7.08036e-13 1.94e-13 3.80199e-14 1.18045e-12
79.4328 6.37402e-17 1.52454e-17 2.65808e-18 1.01809e-16 1.51337e-17 1.52988e-13 6.44353e-13 1.54117e-13 2.68707e-14 1.02919e-12
89.1251 4.63546e-17 9.5779e-18 1.49892e-18 7.05529e-17 9.35552e-18 1.19063e-13 5.89933e-13 1.21893e-13 1.90761e-14 8.97894e-13
100 3.39195e-17 5.94078e-18 8.21286e-19 4.93523e-17 5.75526e-18 9.22095e-14 5.4345e-13 9.51817e-14 1.31585e-14 7.90711e-13
