results/errorbands/sed_joint.ecsv
# %ECSV 0.9
# ---
# datatype:
# - {name: energy, unit: TeV, datatype: float64, format: 3g}
# - {name: dnde_mean, unit: 1 / (cm2 s TeV), datatype: float64, format: 3g}
# - {name: dnde_median, unit: 1 / (cm2 s TeV), datatype: float64, format: 3g}
# - {name: dnde_lo, unit: 1 / (cm2 s TeV), datatype: float64, format: 3g}
# - {name: dnde_hi, unit: 1 / (cm2 s TeV), datatype: float64, format: 3g}
# - {name: dnde_fit, unit: 1 / (cm2 s TeV), datatype: float64, format: 3g}
# - {name: e2dnde_fit, unit: erg / (cm2 s), datatype: float64, format: 3g}
# - {name: e2dnde_mean, unit: erg / (cm2 s), datatype: float64, format: 3g}
# - {name: e2dnde_median, unit: erg / (cm2 s), datatype: float64, format: 3g}
# - {name: e2dnde_lo, unit: erg / (cm2 s), datatype: float64, format: 3g}
# - {name: e2dnde_hi, unit: erg / (cm2 s), datatype: float64, format: 3g}
# schema: astropy-2.0
energy dnde_mean dnde_median dnde_lo dnde_hi dnde_fit e2dnde_fit e2dnde_mean e2dnde_median e2dnde_lo e2dnde_hi
0.01 4.5363e-07 4.49004e-07 3.95963e-07 5.1413e-07 4.47989e-07 7.17757e-11 7.26796e-11 7.19383e-11 6.34403e-11 8.23726e-11
0.0112202 3.78067e-07 3.74474e-07 3.33369e-07 4.24856e-07 3.73809e-07 7.53981e-11 7.62569e-11 7.55321e-11 6.72413e-11 8.56943e-11
0.0125893 3.14268e-07 3.11744e-07 2.79414e-07 3.50559e-07 3.11065e-07 7.89882e-11 7.98014e-11 7.91606e-11 7.09511e-11 8.90168e-11
0.0141254 2.60551e-07 2.59205e-07 2.33906e-07 2.87796e-07 2.5815e-07 8.25245e-11 8.32921e-11 8.28616e-11 7.47742e-11 9.20015e-11
0.0158489 2.1545e-07 2.14864e-07 1.95082e-07 2.37226e-07 2.13655e-07 8.5985e-11 8.67074e-11 8.64718e-11 7.85105e-11 9.54711e-11
0.0177828 1.77686e-07 1.77104e-07 1.62018e-07 1.94032e-07 1.76348e-07 8.93473e-11 9.00252e-11 8.97302e-11 8.2087e-11 9.8307e-11
0.0199526 1.46155e-07 1.45796e-07 1.34068e-07 1.58757e-07 1.45161e-07 9.25889e-11 9.32235e-11 9.29942e-11 8.55133e-11 1.01261e-10
0.0223872 1.19902e-07 1.19749e-07 1.10641e-07 1.29381e-07 1.19164e-07 9.56876e-11 9.62803e-11 9.6157e-11 8.88437e-11 1.03892e-10
0.0251189 9.81042e-08 9.78501e-08 9.10893e-08 1.05136e-07 9.75575e-08 9.86214e-11 9.91741e-11 9.89172e-11 9.20826e-11 1.06283e-10
0.0281838 8.0056e-08 7.99469e-08 7.48517e-08 8.52965e-08 7.96518e-08 1.01369e-10 1.01884e-10 1.01745e-10 9.52603e-11 1.08553e-10
0.0316228 6.51544e-08 6.50596e-08 6.12096e-08 6.91309e-08 6.48558e-08 1.0391e-10 1.04389e-10 1.04237e-10 9.80686e-11 1.1076e-10
0.0354813 5.28853e-08 5.28778e-08 4.99648e-08 5.5801e-08 5.26649e-08 1.06226e-10 1.06671e-10 1.06656e-10 1.0078e-10 1.12552e-10
0.0398107 4.2812e-08 4.28106e-08 4.06558e-08 4.49334e-08 4.26494e-08 1.08299e-10 1.08711e-10 1.08708e-10 1.03236e-10 1.14098e-10
0.0446684 3.45647e-08 3.45473e-08 3.29057e-08 3.61866e-08 3.44447e-08 1.10112e-10 1.10495e-10 1.1044e-10 1.05192e-10 1.1568e-10
0.0501187 2.78314e-08 2.78157e-08 2.65716e-08 2.90446e-08 2.77429e-08 1.11651e-10 1.12007e-10 1.11944e-10 1.06937e-10 1.1689e-10
0.0562341 2.23497e-08 2.23489e-08 2.14311e-08 2.32618e-08 2.22844e-08 1.12904e-10 1.13235e-10 1.13231e-10 1.08581e-10 1.17857e-10
0.0630957 1.78995e-08 1.79084e-08 1.72069e-08 1.85841e-08 1.78512e-08 1.13862e-10 1.1417e-10 1.14227e-10 1.09752e-10 1.18536e-10
0.0707946 1.42968e-08 1.42997e-08 1.378e-08 1.47877e-08 1.42611e-08 1.14515e-10 1.14802e-10 1.14825e-10 1.10652e-10 1.18744e-10
0.0794328 1.13885e-08 1.13942e-08 1.09896e-08 1.17548e-08 1.13621e-08 1.1486e-10 1.15127e-10 1.15184e-10 1.11095e-10 1.1883e-10
0.0891251 9.0473e-09 9.05408e-09 8.74878e-09 9.32859e-09 9.02781e-09 1.14893e-10 1.15141e-10 1.15227e-10 1.11342e-10 1.18721e-10
0.1 7.16802e-09 7.16889e-09 6.94897e-09 7.37916e-09 7.15361e-09 1.14613e-10 1.14844e-10 1.14858e-10 1.11335e-10 1.18227e-10
0.112202 5.66375e-09 5.66127e-09 5.4887e-09 5.82976e-09 5.65311e-09 1.14024e-10 1.14239e-10 1.14189e-10 1.10708e-10 1.17587e-10
0.125893 4.46306e-09 4.46457e-09 4.3269e-09 4.59294e-09 4.45521e-09 1.1313e-10 1.1333e-10 1.13368e-10 1.09872e-10 1.16627e-10
0.141254 3.50739e-09 3.50606e-09 3.4031e-09 3.60702e-09 3.50161e-09 1.11938e-10 1.12123e-10 1.1208e-10 1.08789e-10 1.15308e-10
0.158489 2.74888e-09 2.74768e-09 2.66798e-09 2.82808e-09 2.74465e-09 1.10458e-10 1.10628e-10 1.1058e-10 1.07372e-10 1.13816e-10
0.177828 2.14857e-09 2.14761e-09 2.0862e-09 2.21273e-09 2.14548e-09 1.08701e-10 1.08858e-10 1.08809e-10 1.05698e-10 1.12109e-10
0.199526 1.6748e-09 1.67449e-09 1.6271e-09 1.72464e-09 1.67256e-09 1.06682e-10 1.06825e-10 1.06805e-10 1.03783e-10 1.10004e-10
0.223872 1.30196e-09 1.30078e-09 1.26576e-09 1.34027e-09 1.30034e-09 1.04416e-10 1.04546e-10 1.04452e-10 1.01639e-10 1.07622e-10
0.251189 1.00937e-09 1.00876e-09 9.80869e-10 1.03896e-09 1.00821e-09 1.0192e-10 1.02038e-10 1.01976e-10 9.91565e-11 1.05029e-10
0.281838 7.80406e-10 7.79997e-10 7.57202e-10 8.03425e-10 7.79586e-10 9.92143e-11 9.93186e-11 9.92667e-11 9.63656e-11 1.02248e-10
0.316228 6.01741e-10 6.01592e-10 5.8445e-10 6.19755e-10 6.01169e-10 9.63179e-11 9.64095e-11 9.63856e-11 9.36392e-11 9.92958e-11
0.354813 4.62718e-10 4.6259e-10 4.49219e-10 4.76991e-10 4.62325e-10 9.3252e-11 9.33313e-11 9.33054e-11 9.06084e-11 9.62101e-11
0.398107 3.54848e-10 3.54665e-10 3.44271e-10 3.65762e-10 3.54583e-10 9.00385e-11 9.01057e-11 9.00594e-11 8.742e-11 9.28772e-11
0.446684 2.71384e-10 2.71311e-10 2.63281e-10 2.79889e-10 2.71211e-10 8.66997e-11 8.67552e-11 8.67316e-11 8.41648e-11 8.94738e-11
0.501187 2.06988e-10 2.06868e-10 2.00575e-10 2.13479e-10 2.06879e-10 8.3258e-11 8.33022e-11 8.32538e-11 8.07211e-11 8.59144e-11
0.562341 1.57444e-10 1.57374e-10 1.52615e-10 1.62282e-10 1.57377e-10 7.97357e-11 7.97693e-11 7.97342e-11 7.73226e-11 8.22204e-11
0.630957 1.19433e-10 1.19373e-10 1.15889e-10 1.23036e-10 1.19396e-10 7.61551e-11 7.61786e-11 7.61405e-11 7.39185e-11 7.84769e-11
0.707946 9.03523e-11 9.02815e-11 8.77496e-11 9.31414e-11 9.03345e-11 7.25377e-11 7.2552e-11 7.24951e-11 7.04621e-11 7.47916e-11
0.794328 6.81671e-11 6.81197e-11 6.61613e-11 7.02013e-11 6.81613e-11 6.89046e-11 6.89104e-11 6.88626e-11 6.68828e-11 7.09668e-11
0.891251 5.12897e-11 5.12756e-11 4.97637e-11 5.28117e-11 5.12909e-11 6.52756e-11 6.5274e-11 6.52562e-11 6.3332e-11 6.72111e-11
1 3.84863e-11 3.84899e-11 3.73075e-11 3.96478e-11 3.84913e-11 6.16698e-11 6.16618e-11 6.16676e-11 5.97732e-11 6.35228e-11
1.12202 2.88007e-11 2.88156e-11 2.79464e-11 2.96855e-11 2.88073e-11 5.8105e-11 5.80916e-11 5.81216e-11 5.63685e-11 5.98762e-11
1.25893 2.14943e-11 2.14952e-11 2.08273e-11 2.2156e-11 2.15012e-11 5.45976e-11 5.45799e-11 5.45823e-11 5.28863e-11 5.62603e-11
1.41254 1.5998e-11 1.60016e-11 1.55009e-11 1.64841e-11 1.60045e-11 5.11625e-11 5.11417e-11 5.11533e-11 4.95527e-11 5.26958e-11
1.58489 1.18749e-11 1.1868e-11 1.15016e-11 1.22546e-11 1.18806e-11 4.78134e-11 4.77905e-11 4.77627e-11 4.62882e-11 4.93184e-11
1.77828 8.7907e-12 8.79392e-12 8.50455e-12 9.07876e-12 8.7954e-12 4.45622e-11 4.45383e-11 4.45546e-11 4.30886e-11 4.59978e-11
1.99526 6.48996e-12 6.49398e-12 6.26142e-12 6.71533e-12 6.49369e-12 4.14192e-11 4.13954e-11 4.14211e-11 3.99377e-11 4.28329e-11
2.23872 4.77847e-12 4.78144e-12 4.59277e-12 4.95455e-12 4.7813e-12 3.83934e-11 3.83706e-11 3.83945e-11 3.68795e-11 3.97846e-11
2.51189 3.50885e-12 3.50822e-12 3.3584e-12 3.64963e-12 3.51091e-12 3.54919e-11 3.54711e-11 3.54648e-11 3.39502e-11 3.68943e-11
2.81838 2.56964e-12 2.56861e-12 2.44678e-12 2.67916e-12 2.57106e-12 3.27207e-11 3.27026e-11 3.26895e-11 3.1139e-11 3.40964e-11
3.16228 1.87677e-12 1.87611e-12 1.77886e-12 1.96631e-12 1.87769e-12 3.00838e-11 3.00692e-11 3.00586e-11 2.85004e-11 3.15037e-11
3.54813 1.36705e-12 1.36671e-12 1.28866e-12 1.43805e-12 1.36758e-12 2.75844e-11 2.75737e-11 2.75669e-11 2.59925e-11 2.90057e-11
3.98107 9.93106e-13 9.92565e-13 9.29322e-13 1.04925e-12 9.9335e-13 2.52239e-11 2.52177e-11 2.5204e-11 2.35981e-11 2.66434e-11
4.46684 7.19522e-13 7.19363e-13 6.69393e-13 7.64005e-13 7.19566e-13 2.30028e-11 2.30014e-11 2.29963e-11 2.13989e-11 2.44234e-11
5.01187 5.19916e-13 5.19439e-13 4.81275e-13 5.54236e-13 5.19826e-13 2.09203e-11 2.0924e-11 2.09047e-11 1.93688e-11 2.23051e-11
5.62341 3.74684e-13 3.7443e-13 3.44755e-13 4.00997e-13 3.7451e-13 1.89747e-11 1.89835e-11 1.89706e-11 1.74671e-11 2.03166e-11
6.30957 2.69303e-13 2.68386e-13 2.46351e-13 2.9015e-13 2.69085e-13 1.71632e-11 1.71772e-11 1.71187e-11 1.57132e-11 1.85069e-11
7.07946 1.93048e-13 1.92491e-13 1.7519e-13 2.09117e-13 1.92811e-13 1.54826e-11 1.55016e-11 1.54568e-11 1.40676e-11 1.67919e-11
7.94328 1.38019e-13 1.37455e-13 1.24487e-13 1.50649e-13 1.37783e-13 1.39286e-11 1.39524e-11 1.38954e-11 1.25845e-11 1.52292e-11
8.91251 9.84156e-14 9.78427e-14 8.82265e-14 1.0823e-13 9.81923e-14 1.24965e-11 1.25249e-11 1.2452e-11 1.12282e-11 1.37739e-11
10 6.99913e-14 6.94766e-14 6.23496e-14 7.74378e-14 6.97876e-14 1.11812e-11 1.12138e-11 1.11314e-11 9.98951e-12 1.24069e-11
11.2202 4.96458e-14 4.92571e-14 4.3938e-14 5.52292e-14 4.9465e-14 9.97719e-12 1.00137e-11 9.93525e-12 8.86239e-12 1.11399e-11
12.5893 3.51222e-14 3.4867e-14 3.07971e-14 3.92508e-14 3.49653e-14 8.87865e-12 8.91849e-12 8.85369e-12 7.82023e-12 9.96686e-12
14.1254 2.47824e-14 2.45705e-14 2.15304e-14 2.7878e-14 2.46487e-14 7.87961e-12 7.92235e-12 7.85459e-12 6.88275e-12 8.91193e-12
15.8489 1.7441e-14 1.72431e-14 1.50323e-14 1.97326e-14 1.73289e-14 6.97399e-12 7.01912e-12 6.93945e-12 6.04974e-12 7.94136e-12
17.7828 1.22425e-14 1.20883e-14 1.04639e-14 1.39842e-14 1.21497e-14 6.15569e-12 6.20271e-12 6.12459e-12 5.30155e-12 7.08514e-12
19.9526 8.57123e-15 8.46734e-15 7.27373e-15 9.86268e-15 8.49534e-15 5.41865e-12 5.46706e-12 5.40079e-12 4.63946e-12 6.29079e-12
22.3872 5.98538e-15 5.90812e-15 5.03401e-15 6.94191e-15 5.92399e-15 4.75691e-12 4.8062e-12 4.74416e-12 4.04226e-12 5.57429e-12
25.1189 4.16889e-15 4.11565e-15 3.4742e-15 4.86989e-15 4.11971e-15 4.16464e-12 4.21435e-12 4.16053e-12 3.51208e-12 4.92299e-12
28.1838 2.89622e-15 2.84976e-15 2.3878e-15 3.40757e-15 2.85718e-15 3.6362e-12 3.68589e-12 3.62676e-12 3.03885e-12 4.33665e-12
31.6228 2.00693e-15 1.97069e-15 1.63402e-15 2.37623e-15 1.97619e-15 3.1662e-12 3.21545e-12 3.1574e-12 2.61799e-12 3.80714e-12
35.4813 1.38715e-15 1.35981e-15 1.11536e-15 1.65726e-15 1.36313e-15 2.74946e-12 2.7979e-12 2.74276e-12 2.24971e-12 3.34272e-12
39.8107 9.56329e-16 9.35139e-16 7.58805e-16 1.15145e-15 9.37704e-16 2.38109e-12 2.42839e-12 2.37458e-12 1.92682e-12 2.92386e-12
44.6684 6.57646e-16 6.41345e-16 5.14069e-16 7.99005e-16 6.43299e-16 2.05647e-12 2.10234e-12 2.05023e-12 1.64336e-12 2.55423e-12
50.1187 4.51107e-16 4.38013e-16 3.47946e-16 5.53181e-16 4.40128e-16 1.77129e-12 1.81547e-12 1.76278e-12 1.4003e-12 2.22627e-12
56.2341 3.08656e-16 2.98667e-16 2.3459e-16 3.82135e-16 3.00306e-16 1.52151e-12 1.56381e-12 1.51321e-12 1.18856e-12 1.9361e-12
63.0957 2.1066e-16 2.02898e-16 1.57523e-16 2.62975e-16 2.04347e-16 1.3034e-12 1.34367e-12 1.29416e-12 1.00474e-12 1.67735e-12
70.7946 1.43418e-16 1.37657e-16 1.05394e-16 1.80463e-16 1.38673e-16 1.11353e-12 1.15163e-12 1.10537e-12 8.46305e-13 1.4491e-12
79.4328 9.73973e-17 9.32078e-17 7.0363e-17 1.23548e-16 9.38496e-17 9.4873e-13 9.84595e-13 9.42242e-13 7.11303e-13 1.24895e-12
89.1251 6.59805e-17 6.28833e-17 4.67852e-17 8.44519e-17 6.33422e-17 8.06127e-13 8.39703e-13 8.00287e-13 5.95414e-13 1.07478e-12
100 4.45875e-17 4.22294e-17 3.10135e-17 5.75871e-17 4.26356e-17 6.83098e-13 7.14371e-13 6.76589e-13 4.9689e-13 9.22647e-13
