results/errorbands/sed_joint.ecsv
# %ECSV 0.9
# ---
# datatype:
# - {name: energy, unit: TeV, datatype: float64, format: 3g}
# - {name: dnde_mean, unit: 1 / (cm2 s TeV), datatype: float64, format: 3g}
# - {name: dnde_median, unit: 1 / (cm2 s TeV), datatype: float64, format: 3g}
# - {name: dnde_lo, unit: 1 / (cm2 s TeV), datatype: float64, format: 3g}
# - {name: dnde_hi, unit: 1 / (cm2 s TeV), datatype: float64, format: 3g}
# - {name: dnde_fit, unit: 1 / (cm2 s TeV), datatype: float64, format: 3g}
# - {name: e2dnde_fit, unit: erg / (cm2 s), datatype: float64, format: 3g}
# - {name: e2dnde_mean, unit: erg / (cm2 s), datatype: float64, format: 3g}
# - {name: e2dnde_median, unit: erg / (cm2 s), datatype: float64, format: 3g}
# - {name: e2dnde_lo, unit: erg / (cm2 s), datatype: float64, format: 3g}
# - {name: e2dnde_hi, unit: erg / (cm2 s), datatype: float64, format: 3g}
# schema: astropy-2.0
energy dnde_mean dnde_median dnde_lo dnde_hi dnde_fit e2dnde_fit e2dnde_mean e2dnde_median e2dnde_lo e2dnde_hi
0.01 4.52813e-07 4.54299e-07 3.90101e-07 5.07194e-07 4.47989e-07 7.17757e-11 7.25487e-11 7.27867e-11 6.25011e-11 8.12614e-11
0.0112202 3.77393e-07 3.79498e-07 3.28805e-07 4.18542e-07 3.73809e-07 7.53981e-11 7.61209e-11 7.65456e-11 6.63208e-11 8.44209e-11
0.0125893 3.13713e-07 3.15693e-07 2.75985e-07 3.45865e-07 3.11065e-07 7.89882e-11 7.96605e-11 8.01632e-11 7.00803e-11 8.78249e-11
0.0141254 2.60096e-07 2.61841e-07 2.31484e-07 2.84887e-07 2.5815e-07 8.25245e-11 8.31464e-11 8.37044e-11 7.4e-11 9.10716e-11
0.0158489 2.15076e-07 2.16599e-07 1.92834e-07 2.34426e-07 2.13655e-07 8.5985e-11 8.65571e-11 8.71701e-11 7.76057e-11 9.43443e-11
0.0177828 1.77381e-07 1.78585e-07 1.60305e-07 1.92678e-07 1.76348e-07 8.93473e-11 8.98706e-11 9.04806e-11 8.12189e-11 9.76206e-11
0.0199526 1.45907e-07 1.46808e-07 1.32818e-07 1.57815e-07 1.45161e-07 9.25889e-11 9.30648e-11 9.36399e-11 8.47164e-11 1.00661e-10
0.0223872 1.197e-07 1.20198e-07 1.09935e-07 1.28585e-07 1.19164e-07 9.56876e-11 9.61178e-11 9.65181e-11 8.82767e-11 1.03252e-10
0.0251189 9.79399e-08 9.82984e-08 9.05425e-08 1.04628e-07 9.75575e-08 9.86214e-11 9.9008e-11 9.93704e-11 9.15299e-11 1.05769e-10
0.0281838 7.9923e-08 8.01736e-08 7.44945e-08 8.50897e-08 7.96518e-08 1.01369e-10 1.01714e-10 1.02033e-10 9.48057e-11 1.0829e-10
0.0316228 6.50469e-08 6.52021e-08 6.10255e-08 6.88971e-08 6.48558e-08 1.0391e-10 1.04217e-10 1.04465e-10 9.77736e-11 1.10385e-10
0.0354813 5.27986e-08 5.28912e-08 4.96881e-08 5.57374e-08 5.26649e-08 1.06226e-10 1.06496e-10 1.06683e-10 1.00222e-10 1.12423e-10
0.0398107 4.27423e-08 4.27485e-08 4.04687e-08 4.49175e-08 4.26494e-08 1.08299e-10 1.08535e-10 1.0855e-10 1.02761e-10 1.14058e-10
0.0446684 3.45088e-08 3.45164e-08 3.27914e-08 3.61916e-08 3.44447e-08 1.10112e-10 1.10316e-10 1.10341e-10 1.04826e-10 1.15696e-10
0.0501187 2.77867e-08 2.78001e-08 2.65179e-08 2.90189e-08 2.77429e-08 1.11651e-10 1.11827e-10 1.11881e-10 1.06721e-10 1.16786e-10
0.0562341 2.2314e-08 2.23388e-08 2.13835e-08 2.32473e-08 2.22844e-08 1.12904e-10 1.13054e-10 1.1318e-10 1.0834e-10 1.17783e-10
0.0630957 1.7871e-08 1.78922e-08 1.71679e-08 1.85856e-08 1.78512e-08 1.13862e-10 1.13988e-10 1.14123e-10 1.09503e-10 1.18546e-10
0.0707946 1.42742e-08 1.42783e-08 1.37632e-08 1.47892e-08 1.42611e-08 1.14515e-10 1.1462e-10 1.14654e-10 1.10517e-10 1.18756e-10
0.0794328 1.13705e-08 1.13634e-08 1.09942e-08 1.17482e-08 1.13621e-08 1.1486e-10 1.14945e-10 1.14873e-10 1.11141e-10 1.18763e-10
0.0891251 9.03312e-09 9.03144e-09 8.745e-09 9.31166e-09 9.02781e-09 1.14893e-10 1.1496e-10 1.14939e-10 1.11294e-10 1.18505e-10
0.1 7.15682e-09 7.15245e-09 6.93859e-09 7.37499e-09 7.15361e-09 1.14613e-10 1.14665e-10 1.14595e-10 1.11168e-10 1.1816e-10
0.112202 5.65493e-09 5.65108e-09 5.48408e-09 5.83453e-09 5.65311e-09 1.14024e-10 1.14061e-10 1.13984e-10 1.10615e-10 1.17684e-10
0.125893 4.45613e-09 4.45662e-09 4.32136e-09 4.59755e-09 4.45521e-09 1.1313e-10 1.13154e-10 1.13166e-10 1.09731e-10 1.16745e-10
0.141254 3.50196e-09 3.50033e-09 3.40092e-09 3.60877e-09 3.50161e-09 1.11938e-10 1.11949e-10 1.11897e-10 1.08719e-10 1.15364e-10
0.158489 2.74464e-09 2.74349e-09 2.66641e-09 2.82732e-09 2.74465e-09 1.10458e-10 1.10458e-10 1.10411e-10 1.07309e-10 1.13785e-10
0.177828 2.14526e-09 2.14546e-09 2.0796e-09 2.21217e-09 2.14548e-09 1.08701e-10 1.0869e-10 1.08701e-10 1.05363e-10 1.1208e-10
0.199526 1.67222e-09 1.6727e-09 1.62098e-09 1.72467e-09 1.67256e-09 1.06682e-10 1.06661e-10 1.06691e-10 1.03392e-10 1.10006e-10
0.223872 1.29996e-09 1.30053e-09 1.2596e-09 1.33984e-09 1.30034e-09 1.04416e-10 1.04385e-10 1.04432e-10 1.01144e-10 1.07587e-10
0.251189 1.00782e-09 1.00877e-09 9.76306e-10 1.03811e-09 1.00821e-09 1.0192e-10 1.01881e-10 1.01977e-10 9.86953e-11 1.04943e-10
0.281838 7.79206e-10 7.80133e-10 7.55004e-10 8.02539e-10 7.79586e-10 9.92143e-11 9.9166e-11 9.92839e-11 9.60858e-11 1.02135e-10
0.316228 6.00816e-10 6.0155e-10 5.8235e-10 6.18888e-10 6.01169e-10 9.63179e-11 9.62613e-11 9.63789e-11 9.33027e-11 9.91569e-11
0.354813 4.62007e-10 4.62665e-10 4.48009e-10 4.75901e-10 4.62325e-10 9.3252e-11 9.31877e-11 9.33206e-11 9.03644e-11 9.59902e-11
0.398107 3.54301e-10 3.5485e-10 3.43659e-10 3.64837e-10 3.54583e-10 9.00385e-11 8.99669e-11 9.01063e-11 8.72646e-11 9.26423e-11
0.446684 2.70966e-10 2.71496e-10 2.62508e-10 2.78777e-10 2.71211e-10 8.66997e-11 8.66214e-11 8.67907e-11 8.39176e-11 8.91185e-11
0.501187 2.06669e-10 2.06904e-10 2.00211e-10 2.12947e-10 2.06879e-10 8.3258e-11 8.31735e-11 8.32683e-11 8.05747e-11 8.57001e-11
0.562341 1.572e-10 1.57481e-10 1.5245e-10 1.61874e-10 1.57377e-10 7.97357e-11 7.96457e-11 7.97881e-11 7.72393e-11 8.20137e-11
0.630957 1.19247e-10 1.19497e-10 1.15735e-10 1.22807e-10 1.19396e-10 7.61551e-11 7.60604e-11 7.62195e-11 7.38202e-11 7.83312e-11
0.707946 9.02116e-11 9.03533e-11 8.75034e-11 9.28924e-11 9.03345e-11 7.25377e-11 7.2439e-11 7.25529e-11 7.02644e-11 7.45917e-11
0.794328 6.80606e-11 6.81158e-11 6.60277e-11 7.00502e-11 6.81613e-11 6.89046e-11 6.88028e-11 6.88586e-11 6.67477e-11 7.08141e-11
0.891251 5.12093e-11 5.12513e-11 4.96758e-11 5.27017e-11 5.12909e-11 6.52756e-11 6.51717e-11 6.52252e-11 6.32201e-11 6.7071e-11
1 3.84257e-11 3.84614e-11 3.72409e-11 3.95507e-11 3.84913e-11 6.16698e-11 6.15647e-11 6.16219e-11 5.96664e-11 6.33673e-11
1.12202 2.87552e-11 2.87615e-11 2.78627e-11 2.96065e-11 2.88073e-11 5.8105e-11 5.79997e-11 5.80126e-11 5.61996e-11 5.9717e-11
1.25893 2.14601e-11 2.14537e-11 2.08003e-11 2.21349e-11 2.15012e-11 5.45976e-11 5.44932e-11 5.44769e-11 5.28179e-11 5.62067e-11
1.41254 1.59724e-11 1.59676e-11 1.54856e-11 1.64835e-11 1.60045e-11 5.11625e-11 5.106e-11 5.10447e-11 4.95038e-11 5.26938e-11
1.58489 1.18559e-11 1.18415e-11 1.14907e-11 1.22498e-11 1.18806e-11 4.78134e-11 4.77137e-11 4.76558e-11 4.62441e-11 4.9299e-11
1.77828 8.77649e-12 8.76797e-12 8.49332e-12 9.07297e-12 8.7954e-12 4.45622e-11 4.44663e-11 4.44232e-11 4.30316e-11 4.59684e-11
1.99526 6.4794e-12 6.47052e-12 6.26382e-12 6.711e-12 6.49369e-12 4.14192e-11 4.13281e-11 4.12714e-11 3.9953e-11 4.28053e-11
2.23872 4.77064e-12 4.76062e-12 4.60549e-12 4.94915e-12 4.7813e-12 3.83934e-11 3.83078e-11 3.82273e-11 3.69817e-11 3.97412e-11
2.51189 3.50306e-12 3.49648e-12 3.36977e-12 3.6431e-12 3.51091e-12 3.54919e-11 3.54126e-11 3.53461e-11 3.40652e-11 3.68283e-11
2.81838 2.56537e-12 2.55993e-12 2.45681e-12 2.67869e-12 2.57106e-12 3.27207e-11 3.26483e-11 3.25791e-11 3.12667e-11 3.40905e-11
3.16228 1.87363e-12 1.87134e-12 1.78706e-12 1.96511e-12 1.87769e-12 3.00838e-11 3.00189e-11 2.99822e-11 2.86319e-11 3.14845e-11
3.54813 1.36475e-12 1.36526e-12 1.29489e-12 1.43584e-12 1.36758e-12 2.75844e-11 2.75272e-11 2.75376e-11 2.61182e-11 2.89612e-11
3.98107 9.91418e-13 9.8996e-13 9.36776e-13 1.04778e-12 9.9335e-13 2.52239e-11 2.51749e-11 2.51378e-11 2.37874e-11 2.66061e-11
4.46684 7.18289e-13 7.17521e-13 6.7586e-13 7.61021e-13 7.19566e-13 2.30028e-11 2.2962e-11 2.29375e-11 2.16056e-11 2.4328e-11
5.01187 5.19018e-13 5.18131e-13 4.85839e-13 5.52374e-13 5.19826e-13 2.09203e-11 2.08878e-11 2.08521e-11 1.95525e-11 2.22302e-11
5.62341 3.7403e-13 3.72866e-13 3.48207e-13 3.99759e-13 3.7451e-13 1.89747e-11 1.89504e-11 1.88914e-11 1.7642e-11 2.02539e-11
6.30957 2.68829e-13 2.6748e-13 2.48509e-13 2.88896e-13 2.69085e-13 1.71632e-11 1.71469e-11 1.70609e-11 1.58508e-11 1.84269e-11
7.07946 1.92705e-13 1.9166e-13 1.7729e-13 2.08572e-13 1.92811e-13 1.54826e-11 1.5474e-11 1.53901e-11 1.42362e-11 1.67482e-11
7.94328 1.37771e-13 1.37011e-13 1.2557e-13 1.50367e-13 1.37783e-13 1.39286e-11 1.39274e-11 1.38505e-11 1.26939e-11 1.52007e-11
8.91251 9.82373e-14 9.76255e-14 8.876e-14 1.0809e-13 9.81923e-14 1.24965e-11 1.25022e-11 1.24243e-11 1.12961e-11 1.37561e-11
10 6.98633e-14 6.93974e-14 6.27351e-14 7.74284e-14 6.97876e-14 1.11812e-11 1.11933e-11 1.11187e-11 1.00513e-11 1.24054e-11
11.2202 4.9554e-14 4.9206e-14 4.39947e-14 5.53141e-14 4.9465e-14 9.97719e-12 9.99515e-12 9.92495e-12 8.87382e-12 1.1157e-11
12.5893 3.50566e-14 3.47829e-14 3.094e-14 3.93599e-14 3.49653e-14 8.87865e-12 8.90184e-12 8.83235e-12 7.85652e-12 9.99458e-12
14.1254 2.47356e-14 2.449e-14 2.16464e-14 2.79829e-14 2.46487e-14 7.87961e-12 7.90739e-12 7.82888e-12 6.91984e-12 8.94548e-12
15.8489 1.74078e-14 1.72359e-14 1.50892e-14 1.98376e-14 1.73289e-14 6.97399e-12 7.00573e-12 6.93657e-12 6.07263e-12 7.9836e-12
17.7828 1.22189e-14 1.20891e-14 1.05058e-14 1.40171e-14 1.21497e-14 6.15569e-12 6.19075e-12 6.12497e-12 5.32279e-12 7.10182e-12
19.9526 8.55451e-15 8.46291e-15 7.2845e-15 9.87736e-15 8.49534e-15 5.41865e-12 5.45639e-12 5.39797e-12 4.64633e-12 6.30016e-12
22.3872 5.97357e-15 5.88956e-15 5.03022e-15 6.94297e-15 5.92399e-15 4.75691e-12 4.79672e-12 4.72926e-12 4.03922e-12 5.57514e-12
25.1189 4.16057e-15 4.0963e-15 3.46381e-15 4.87295e-15 4.11971e-15 4.16464e-12 4.20594e-12 4.14097e-12 3.50158e-12 4.92609e-12
28.1838 2.89038e-15 2.8471e-15 2.38588e-15 3.4065e-15 2.85718e-15 3.6362e-12 3.67845e-12 3.62338e-12 3.0364e-12 4.33529e-12
31.6228 2.00283e-15 1.9719e-15 1.63536e-15 2.37643e-15 1.97619e-15 3.1662e-12 3.20889e-12 3.15933e-12 2.62013e-12 3.80747e-12
35.4813 1.38428e-15 1.35586e-15 1.11916e-15 1.65364e-15 1.36313e-15 2.74946e-12 2.79212e-12 2.7348e-12 2.25737e-12 3.33542e-12
39.8107 9.54331e-16 9.32962e-16 7.60804e-16 1.14987e-15 9.37704e-16 2.38109e-12 2.42331e-12 2.36905e-12 1.93189e-12 2.91983e-12
44.6684 6.56255e-16 6.40151e-16 5.14622e-16 7.98176e-16 6.43299e-16 2.05647e-12 2.09789e-12 2.04641e-12 1.64513e-12 2.55158e-12
50.1187 4.50142e-16 4.37843e-16 3.4743e-16 5.5319e-16 4.40128e-16 1.77129e-12 1.81159e-12 1.76209e-12 1.39823e-12 2.22631e-12
56.2341 3.07987e-16 2.98565e-16 2.34019e-16 3.82689e-16 3.00306e-16 1.52151e-12 1.56043e-12 1.51269e-12 1.18566e-12 1.93891e-12
63.0957 2.10198e-16 2.0292e-16 1.57535e-16 2.6342e-16 2.04347e-16 1.3034e-12 1.34072e-12 1.2943e-12 1.00482e-12 1.68019e-12
70.7946 1.431e-16 1.37498e-16 1.05737e-16 1.80864e-16 1.38673e-16 1.11353e-12 1.14908e-12 1.1041e-12 8.49057e-13 1.45232e-12
79.4328 9.71786e-17 9.30001e-17 7.0708e-17 1.24015e-16 9.38496e-17 9.4873e-13 9.82383e-13 9.40143e-13 7.14791e-13 1.25368e-12
89.1251 6.58304e-17 6.27982e-17 4.70956e-17 8.51565e-17 6.33422e-17 8.06127e-13 8.37794e-13 7.99204e-13 5.99365e-13 1.08375e-12
100 4.44849e-17 4.22828e-17 3.12112e-17 5.78619e-17 4.26356e-17 6.83098e-13 7.12727e-13 6.77446e-13 5.00059e-13 9.2705e-13
