results/errorbands/sed_veritas.ecsv
# %ECSV 0.9
# ---
# datatype:
# - {name: energy, unit: TeV, datatype: float64, format: 3g}
# - {name: dnde_mean, unit: 1 / (cm2 s TeV), datatype: float64, format: 3g}
# - {name: dnde_median, unit: 1 / (cm2 s TeV), datatype: float64, format: 3g}
# - {name: dnde_lo, unit: 1 / (cm2 s TeV), datatype: float64, format: 3g}
# - {name: dnde_hi, unit: 1 / (cm2 s TeV), datatype: float64, format: 3g}
# - {name: dnde_fit, unit: 1 / (cm2 s TeV), datatype: float64, format: 3g}
# - {name: e2dnde_fit, unit: erg / (cm2 s), datatype: float64, format: 3g}
# - {name: e2dnde_mean, unit: erg / (cm2 s), datatype: float64, format: 3g}
# - {name: e2dnde_median, unit: erg / (cm2 s), datatype: float64, format: 3g}
# - {name: e2dnde_lo, unit: erg / (cm2 s), datatype: float64, format: 3g}
# - {name: e2dnde_hi, unit: erg / (cm2 s), datatype: float64, format: 3g}
# schema: astropy-2.0
energy dnde_mean dnde_median dnde_lo dnde_hi dnde_fit e2dnde_fit e2dnde_mean e2dnde_median e2dnde_lo e2dnde_hi
0.01 5.84878e-07 2.56469e-07 7.3799e-08 9.01346e-07 2.64564e-07 4.23877e-11 9.37078e-11 4.10909e-11 1.18239e-11 1.44411e-10
0.0112202 4.57112e-07 2.20206e-07 6.72578e-08 7.11881e-07 2.2468e-07 4.53185e-11 9.22005e-11 4.44159e-11 1.3566e-11 1.43588e-10
0.0125893 3.58491e-07 1.87443e-07 6.10663e-08 5.62706e-07 1.90242e-07 4.83079e-11 9.1031e-11 4.75971e-11 1.55064e-11 1.42887e-10
0.0141254 2.82043e-07 1.58483e-07 5.52396e-08 4.45059e-07 1.60604e-07 5.13413e-11 9.01624e-11 5.06632e-11 1.76588e-11 1.42275e-10
0.0158489 2.22541e-07 1.33929e-07 4.96941e-08 3.53468e-07 1.3518e-07 5.44029e-11 8.95612e-11 5.38995e-11 1.99993e-11 1.42252e-10
0.0177828 1.7605e-07 1.13154e-07 4.44778e-08 2.78946e-07 1.13442e-07 5.74757e-11 8.91963e-11 5.73299e-11 2.25348e-11 1.41329e-10
0.0199526 1.39594e-07 9.51243e-08 3.95361e-08 2.19816e-07 9.49168e-08 6.05416e-11 8.90386e-11 6.06739e-11 2.52176e-11 1.40207e-10
0.0223872 1.10911e-07 7.97089e-08 3.49045e-08 1.73944e-07 7.91807e-08 6.35813e-11 8.90608e-11 6.40055e-11 2.8028e-11 1.39675e-10
0.0251189 8.82739e-08 6.66259e-08 3.0681e-08 1.36962e-07 6.58569e-08 6.65751e-11 8.92366e-11 6.73525e-11 3.10155e-11 1.38456e-10
0.0281838 7.03573e-08 5.52983e-08 2.68173e-08 1.08419e-07 5.46123e-08 6.95026e-11 8.95405e-11 7.03755e-11 3.41291e-11 1.3798e-10
0.0316228 5.6141e-08 4.57583e-08 2.3266e-08 8.50891e-08 4.5153e-08 7.23431e-11 8.99478e-11 7.3313e-11 3.72763e-11 1.36328e-10
0.0354813 4.48355e-08 3.77142e-08 2.02158e-08 6.71588e-08 3.72211e-08 7.50758e-11 9.04341e-11 7.60703e-11 4.07757e-11 1.35461e-10
0.0398107 3.58273e-08 3.11459e-08 1.74163e-08 5.21137e-08 3.05914e-08 7.768e-11 9.09754e-11 7.90881e-11 4.42249e-11 1.32331e-10
0.0446684 2.86377e-08 2.56493e-08 1.49325e-08 4.09251e-08 2.50677e-08 8.01356e-11 9.15479e-11 8.19946e-11 4.77357e-11 1.30828e-10
0.0501187 2.28919e-08 2.10052e-08 1.27959e-08 3.23835e-08 2.04804e-08 8.2423e-11 9.21281e-11 8.45352e-11 5.1497e-11 1.30327e-10
0.0562341 1.82951e-08 1.71349e-08 1.08799e-08 2.53807e-08 1.66827e-08 8.45236e-11 9.26925e-11 8.68144e-11 5.51235e-11 1.28592e-10
0.0630957 1.46147e-08 1.39294e-08 9.16421e-09 1.9758e-08 1.35489e-08 8.642e-11 9.32182e-11 8.88471e-11 5.84528e-11 1.26024e-10
0.0707946 1.16667e-08 1.12364e-08 7.68729e-09 1.5337e-08 1.0971e-08 8.80962e-11 9.36828e-11 9.02272e-11 6.17282e-11 1.23155e-10
0.0794328 9.30498e-09 9.01734e-09 6.4439e-09 1.1889e-08 8.8572e-09 8.95379e-11 9.40645e-11 9.11568e-11 6.51417e-11 1.20186e-10
0.0891251 7.41304e-09 7.23683e-09 5.4203e-09 9.29988e-09 7.1294e-09 9.07327e-11 9.43424e-11 9.20999e-11 6.89817e-11 1.18355e-10
0.1 5.89801e-09 5.78e-09 4.48823e-09 7.22769e-09 5.72159e-09 9.16699e-11 9.44965e-11 9.26057e-11 7.19093e-11 1.158e-10
0.112202 4.68555e-09 4.63289e-09 3.69275e-09 5.60188e-09 4.57811e-09 9.23415e-11 9.45086e-11 9.34463e-11 7.44835e-11 1.12991e-10
0.125893 3.71608e-09 3.71733e-09 3.02806e-09 4.34351e-09 3.65227e-09 9.27414e-11 9.43616e-11 9.43934e-11 7.6891e-11 1.10294e-10
0.141254 2.94175e-09 2.95304e-09 2.46452e-09 3.35394e-09 2.905e-09 9.2866e-11 9.40408e-11 9.44016e-11 7.87849e-11 1.07217e-10
0.158489 2.32411e-09 2.34585e-09 2.00672e-09 2.59801e-09 2.30376e-09 9.27144e-11 9.35334e-11 9.44084e-11 8.07601e-11 1.04557e-10
0.177828 1.8322e-09 1.84629e-09 1.62512e-09 2.02188e-09 1.82152e-09 9.22877e-11 9.28289e-11 9.35429e-11 8.23373e-11 1.02439e-10
0.199526 1.44111e-09 1.4503e-09 1.30797e-09 1.56425e-09 1.43594e-09 9.15899e-11 9.19197e-11 9.25057e-11 8.34272e-11 9.97738e-11
0.223872 1.13078e-09 1.13443e-09 1.04734e-09 1.21183e-09 1.12862e-09 9.06271e-11 9.08007e-11 9.10935e-11 8.41008e-11 9.73091e-11
0.251189 8.85048e-10 8.88918e-10 8.32237e-10 9.3699e-10 8.84432e-10 8.94077e-11 8.947e-11 8.98612e-11 8.41312e-11 9.47208e-11
0.281838 6.90905e-10 6.92378e-10 6.56537e-10 7.24176e-10 6.91017e-10 8.79425e-11 8.79283e-11 8.81157e-11 8.35544e-11 9.21626e-11
0.316228 5.37892e-10 5.37222e-10 5.14007e-10 5.61407e-10 5.38293e-10 8.62441e-11 8.61798e-11 8.60724e-11 8.23529e-11 8.99473e-11
0.354813 4.17601e-10 4.17091e-10 3.98881e-10 4.37706e-10 4.18077e-10 8.4327e-11 8.42311e-11 8.41281e-11 8.04551e-11 8.82862e-11
0.398107 3.23289e-10 3.23009e-10 3.07787e-10 3.39547e-10 3.23743e-10 8.22073e-11 8.2092e-11 8.20209e-11 7.81558e-11 8.62204e-11
0.446684 2.49549e-10 2.49608e-10 2.36491e-10 2.6355e-10 2.49949e-10 7.99027e-11 7.97747e-11 7.97938e-11 7.56007e-11 8.42506e-11
0.501187 1.9206e-10 1.92104e-10 1.8105e-10 2.02916e-10 1.92401e-10 7.74317e-11 7.72941e-11 7.73121e-11 7.28635e-11 8.16633e-11
0.562341 1.47373e-10 1.47502e-10 1.38287e-10 1.56462e-10 1.47663e-10 7.4814e-11 7.46669e-11 7.47322e-11 7.00635e-11 7.9272e-11
0.630957 1.12743e-10 1.12812e-10 1.05319e-10 1.20364e-10 1.12991e-10 7.20699e-11 7.19118e-11 7.19555e-11 6.71763e-11 7.67724e-11
0.707946 8.59896e-11 8.60963e-11 7.98372e-11 9.18211e-11 8.62027e-11 6.922e-11 6.90488e-11 6.91345e-11 6.41085e-11 7.37315e-11
0.794328 6.5386e-11 6.53675e-11 6.05712e-11 7.00036e-11 6.557e-11 6.62851e-11 6.6099e-11 6.60804e-11 6.12317e-11 7.0767e-11
0.891251 4.95688e-11 4.94533e-11 4.59057e-11 5.30899e-11 4.97275e-11 6.32859e-11 6.3084e-11 6.29369e-11 5.84221e-11 6.75651e-11
1 3.74651e-11 3.7436e-11 3.46657e-11 4.02155e-11 3.76006e-11 6.02427e-11 6.00257e-11 5.99791e-11 5.55406e-11 6.44323e-11
1.12202 2.82326e-11 2.81905e-11 2.60573e-11 3.03982e-11 2.83465e-11 5.71754e-11 5.69457e-11 5.68608e-11 5.25581e-11 6.13137e-11
1.25893 2.12128e-11 2.11962e-11 1.94724e-11 2.29611e-11 2.13064e-11 5.41029e-11 5.38653e-11 5.3823e-11 4.94457e-11 5.83046e-11
1.41254 1.58925e-11 1.58369e-11 1.44907e-11 1.71982e-11 1.59672e-11 5.10433e-11 5.08045e-11 5.06267e-11 4.63232e-11 5.49785e-11
1.58489 1.18729e-11 1.18641e-11 1.07888e-11 1.29182e-11 1.19303e-11 4.80135e-11 4.77823e-11 4.77469e-11 4.34192e-11 5.19891e-11
1.77828 8.84556e-12 8.82592e-12 7.9517e-12 9.7072e-12 8.8876e-12 4.50293e-11 4.48163e-11 4.47168e-11 4.02875e-11 4.91818e-11
1.99526 6.57255e-12 6.53335e-12 5.84033e-12 7.30611e-12 6.60119e-12 4.21049e-11 4.19222e-11 4.16722e-11 3.72518e-11 4.66011e-11
2.23872 4.87105e-12 4.83282e-12 4.28122e-12 5.48746e-12 4.88841e-12 3.92535e-11 3.91141e-11 3.88071e-11 3.43778e-11 4.40638e-11
2.51189 3.60112e-12 3.59113e-12 3.10801e-12 4.12476e-12 3.60927e-12 3.64863e-11 3.6404e-11 3.63029e-11 3.1419e-11 4.16974e-11
2.81838 2.65601e-12 2.64105e-12 2.24828e-12 3.10749e-12 2.65691e-12 3.38133e-11 3.38019e-11 3.36115e-11 2.86129e-11 3.95476e-11
3.16228 1.95458e-12 1.93168e-12 1.60061e-12 2.3252e-12 1.95004e-12 3.1243e-11 3.13159e-11 3.0949e-11 2.56446e-11 3.72539e-11
3.54813 1.43539e-12 1.41608e-12 1.13832e-12 1.74729e-12 1.42697e-12 2.87823e-11 2.89522e-11 2.85626e-11 2.29601e-11 3.52432e-11
3.98107 1.05207e-12 1.02835e-12 8.10692e-13 1.30512e-12 1.0411e-12 2.64365e-11 2.6715e-11 2.61126e-11 2.05857e-11 3.31406e-11
4.46684 7.6974e-13 7.56129e-13 5.69065e-13 9.70395e-13 7.57318e-13 2.42097e-11 2.46067e-11 2.41716e-11 1.81917e-11 3.10212e-11
5.01187 5.6227e-13 5.45785e-13 3.99869e-13 7.21484e-13 5.4925e-13 2.21045e-11 2.26285e-11 2.1965e-11 1.60927e-11 2.9036e-11
5.62341 4.10134e-13 3.9467e-13 2.79935e-13 5.36699e-13 3.97163e-13 2.01224e-11 2.07795e-11 1.9996e-11 1.4183e-11 2.7192e-11
6.30957 2.98793e-13 2.82546e-13 1.94562e-13 4.00449e-13 2.86335e-13 1.82635e-11 1.90581e-11 1.80219e-11 1.24099e-11 2.55421e-11
7.07946 2.17454e-13 2.02993e-13 1.35521e-13 2.97218e-13 2.0582e-13 1.65271e-11 1.74613e-11 1.63001e-11 1.08822e-11 2.38663e-11
7.94328 1.58128e-13 1.44739e-13 9.37511e-14 2.19227e-13 1.47505e-13 1.49113e-11 1.59853e-11 1.46317e-11 9.47735e-12 2.21618e-11
8.91251 1.1492e-13 1.03466e-13 6.48637e-14 1.63588e-13 1.05398e-13 1.34135e-11 1.46253e-11 1.31676e-11 8.2549e-12 2.08191e-11
10 8.3488e-14 7.33681e-14 4.38015e-14 1.2134e-13 7.50868e-14 1.20302e-11 1.33762e-11 1.17549e-11 7.01778e-12 1.94408e-11
11.2202 6.06462e-14 5.19042e-14 2.96231e-14 8.94636e-14 5.33338e-14 1.07575e-11 1.22325e-11 1.04692e-11 5.97505e-12 1.8045e-11
12.5893 4.40599e-14 3.684e-14 1.99449e-14 6.66227e-14 3.77701e-14 9.59089e-12 1.1188e-11 9.35469e-12 5.06457e-12 1.69174e-11
14.1254 3.20226e-14 2.60965e-14 1.34272e-14 4.90273e-14 2.66687e-14 8.52534e-12 1.02369e-11 8.34243e-12 4.29235e-12 1.56729e-11
15.8489 2.32895e-14 1.84441e-14 9.04073e-15 3.64945e-14 1.87742e-14 7.55563e-12 9.37283e-12 7.42281e-12 3.63843e-12 1.46871e-11
17.7828 1.69541e-14 1.29701e-14 5.96312e-15 2.71723e-14 1.31773e-14 6.67632e-12 8.58983e-12 6.57135e-12 3.02123e-12 1.37669e-11
19.9526 1.23572e-14 9.05041e-15 3.96576e-15 1.99713e-14 9.22145e-15 5.88179e-12 7.8819e-12 5.77269e-12 2.52951e-12 1.27385e-11
22.3872 9.02036e-15 6.29796e-15 2.6024e-15 1.46519e-14 6.43397e-15 5.16641e-12 7.24326e-12 5.0572e-12 2.0897e-12 1.17654e-11
25.1189 6.59644e-15 4.38951e-15 1.70667e-15 1.06545e-14 4.47574e-15 4.52455e-12 6.66838e-12 4.43738e-12 1.72528e-12 1.07707e-11
28.1838 4.83398e-15 3.04729e-15 1.11452e-15 7.87975e-15 3.10426e-15 3.95065e-12 6.15198e-12 3.87815e-12 1.4184e-12 1.00282e-11
31.6228 3.55087e-15 2.10957e-15 7.30239e-16 5.79112e-15 2.14663e-15 3.43928e-12 5.68912e-12 3.3799e-12 1.16997e-12 9.2784e-12
35.4813 2.61532e-15 1.45626e-15 4.70942e-16 4.24802e-15 1.48001e-15 2.98521e-12 5.27515e-12 2.9373e-12 9.49901e-13 8.56834e-12
39.8107 1.93196e-15 1.00411e-15 3.0511e-16 3.10194e-15 1.01737e-15 2.58338e-12 4.90578e-12 2.5497e-12 7.7476e-13 7.87669e-12
44.6684 1.43177e-15 6.85711e-16 1.97172e-16 2.26325e-15 6.97264e-16 2.22899e-12 4.57704e-12 2.19206e-12 6.30312e-13 7.23506e-12
50.1187 1.0648e-15 4.65523e-16 1.2555e-16 1.65289e-15 4.76457e-16 1.91749e-12 4.28529e-12 1.87349e-12 5.05276e-13 6.65203e-12
56.2341 7.94869e-16 3.16229e-16 7.94766e-17 1.20758e-15 3.24606e-16 1.64463e-12 4.02723e-12 1.60218e-12 4.02671e-13 6.11825e-12
63.0957 5.95737e-16 2.14536e-16 5.02443e-17 8.82165e-16 2.20494e-16 1.40639e-12 3.79984e-12 1.36839e-12 3.20477e-13 5.62678e-12
70.7946 4.48378e-16 1.45675e-16 3.18735e-17 6.4831e-16 1.49329e-16 1.1991e-12 3.60044e-12 1.16975e-12 2.55941e-13 5.20587e-12
79.4328 3.38964e-16 9.86431e-17 1.9558e-17 4.72246e-16 1.00832e-16 1.01931e-12 3.4266e-12 9.97188e-13 1.97713e-13 4.77396e-12
89.1251 2.5743e-16 6.6734e-17 1.20925e-17 3.46841e-16 6.78824e-17 8.63909e-13 3.27619e-12 8.49293e-13 1.53896e-13 4.41409e-12
100 1.9644e-16 4.50772e-17 7.40708e-18 2.52427e-16 4.55643e-17 7.3002e-13 3.14732e-12 7.22216e-13 1.18674e-13 4.04432e-12
