results/errorbands/sed_joint.ecsv
# %ECSV 0.9
# ---
# datatype:
# - {name: energy, unit: TeV, datatype: float64, format: 3g}
# - {name: dnde_mean, unit: 1 / (cm2 s TeV), datatype: float64, format: 3g}
# - {name: dnde_median, unit: 1 / (cm2 s TeV), datatype: float64, format: 3g}
# - {name: dnde_lo, unit: 1 / (cm2 s TeV), datatype: float64, format: 3g}
# - {name: dnde_hi, unit: 1 / (cm2 s TeV), datatype: float64, format: 3g}
# - {name: dnde_fit, unit: 1 / (cm2 s TeV), datatype: float64, format: 3g}
# - {name: e2dnde_fit, unit: erg / (cm2 s), datatype: float64, format: 3g}
# - {name: e2dnde_mean, unit: erg / (cm2 s), datatype: float64, format: 3g}
# - {name: e2dnde_median, unit: erg / (cm2 s), datatype: float64, format: 3g}
# - {name: e2dnde_lo, unit: erg / (cm2 s), datatype: float64, format: 3g}
# - {name: e2dnde_hi, unit: erg / (cm2 s), datatype: float64, format: 3g}
# schema: astropy-2.0
energy dnde_mean dnde_median dnde_lo dnde_hi dnde_fit e2dnde_fit e2dnde_mean e2dnde_median e2dnde_lo e2dnde_hi
0.01 4.53619e-07 4.48743e-07 3.96099e-07 5.13747e-07 4.47989e-07 7.17757e-11 7.26777e-11 7.18965e-11 6.3462e-11 8.23114e-11
0.0112202 3.78057e-07 3.74451e-07 3.33355e-07 4.24655e-07 3.73809e-07 7.53981e-11 7.62549e-11 7.55276e-11 6.72383e-11 8.56538e-11
0.0125893 3.1426e-07 3.11615e-07 2.79543e-07 3.50603e-07 3.11065e-07 7.89882e-11 7.97994e-11 7.91277e-11 7.09837e-11 8.9028e-11
0.0141254 2.60545e-07 2.59125e-07 2.33838e-07 2.87797e-07 2.5815e-07 8.25245e-11 8.329e-11 8.28362e-11 7.47523e-11 9.20019e-11
0.0158489 2.15444e-07 2.14772e-07 1.95176e-07 2.37113e-07 2.13655e-07 8.5985e-11 8.67052e-11 8.64346e-11 7.85484e-11 9.54257e-11
0.0177828 1.77682e-07 1.77132e-07 1.61976e-07 1.93908e-07 1.76348e-07 8.93473e-11 9.00229e-11 8.97445e-11 8.20656e-11 9.82439e-11
0.0199526 1.46152e-07 1.45745e-07 1.34092e-07 1.58809e-07 1.45161e-07 9.25889e-11 9.32212e-11 9.29615e-11 8.55289e-11 1.01294e-10
0.0223872 1.19899e-07 1.1977e-07 1.10814e-07 1.29418e-07 1.19164e-07 9.56876e-11 9.6278e-11 9.61744e-11 8.89827e-11 1.03922e-10
0.0251189 9.81018e-08 9.78307e-08 9.11353e-08 1.05174e-07 9.75575e-08 9.86214e-11 9.91716e-11 9.88976e-11 9.21292e-11 1.06321e-10
0.0281838 8.00541e-08 7.99409e-08 7.48416e-08 8.53172e-08 7.96518e-08 1.01369e-10 1.01881e-10 1.01737e-10 9.52475e-11 1.08579e-10
0.0316228 6.51528e-08 6.50789e-08 6.11975e-08 6.91339e-08 6.48558e-08 1.0391e-10 1.04386e-10 1.04268e-10 9.80491e-11 1.10765e-10
0.0354813 5.2884e-08 5.28474e-08 4.99712e-08 5.57994e-08 5.26649e-08 1.06226e-10 1.06668e-10 1.06594e-10 1.00793e-10 1.12549e-10
0.0398107 4.28109e-08 4.28097e-08 4.06576e-08 4.49173e-08 4.26494e-08 1.08299e-10 1.08709e-10 1.08706e-10 1.03241e-10 1.14058e-10
0.0446684 3.45639e-08 3.45487e-08 3.29418e-08 3.61784e-08 3.44447e-08 1.10112e-10 1.10492e-10 1.10444e-10 1.05307e-10 1.15654e-10
0.0501187 2.78308e-08 2.78143e-08 2.65889e-08 2.90324e-08 2.77429e-08 1.11651e-10 1.12004e-10 1.11938e-10 1.07007e-10 1.16841e-10
0.0562341 2.23492e-08 2.23528e-08 2.14334e-08 2.32549e-08 2.22844e-08 1.12904e-10 1.13233e-10 1.13251e-10 1.08593e-10 1.17822e-10
0.0630957 1.7899e-08 1.79089e-08 1.7213e-08 1.85772e-08 1.78512e-08 1.13862e-10 1.14167e-10 1.1423e-10 1.09791e-10 1.18492e-10
0.0707946 1.42964e-08 1.43032e-08 1.37827e-08 1.47777e-08 1.42611e-08 1.14515e-10 1.14799e-10 1.14854e-10 1.10674e-10 1.18664e-10
0.0794328 1.13882e-08 1.13948e-08 1.09922e-08 1.17537e-08 1.13621e-08 1.1486e-10 1.15124e-10 1.15191e-10 1.1112e-10 1.18819e-10
0.0891251 9.04709e-09 9.05438e-09 8.75371e-09 9.32388e-09 9.02781e-09 1.14893e-10 1.15138e-10 1.15231e-10 1.11405e-10 1.18661e-10
0.1 7.16785e-09 7.16893e-09 6.95276e-09 7.37709e-09 7.15361e-09 1.14613e-10 1.14842e-10 1.14859e-10 1.11395e-10 1.18194e-10
0.112202 5.66362e-09 5.66162e-09 5.49072e-09 5.82603e-09 5.65311e-09 1.14024e-10 1.14236e-10 1.14196e-10 1.10749e-10 1.17512e-10
0.125893 4.46296e-09 4.46256e-09 4.32865e-09 4.59148e-09 4.45521e-09 1.1313e-10 1.13327e-10 1.13317e-10 1.09917e-10 1.1659e-10
0.141254 3.50731e-09 3.50586e-09 3.40625e-09 3.6045e-09 3.50161e-09 1.11938e-10 1.1212e-10 1.12074e-10 1.0889e-10 1.15227e-10
0.158489 2.74882e-09 2.74811e-09 2.67002e-09 2.82674e-09 2.74465e-09 1.10458e-10 1.10626e-10 1.10597e-10 1.07455e-10 1.13762e-10
0.177828 2.14852e-09 2.14747e-09 2.08661e-09 2.2118e-09 2.14548e-09 1.08701e-10 1.08856e-10 1.08802e-10 1.05718e-10 1.12061e-10
0.199526 1.67476e-09 1.67416e-09 1.62738e-09 1.7239e-09 1.67256e-09 1.06682e-10 1.06823e-10 1.06784e-10 1.03801e-10 1.09957e-10
0.223872 1.30193e-09 1.30113e-09 1.26607e-09 1.33972e-09 1.30034e-09 1.04416e-10 1.04544e-10 1.04479e-10 1.01664e-10 1.07578e-10
0.251189 1.00934e-09 1.00888e-09 9.81116e-10 1.03851e-09 1.00821e-09 1.0192e-10 1.02035e-10 1.01988e-10 9.91815e-11 1.04983e-10
0.281838 7.80388e-10 7.80236e-10 7.57108e-10 8.03584e-10 7.79586e-10 9.92143e-11 9.93164e-11 9.9297e-11 9.63536e-11 1.02268e-10
0.316228 6.01727e-10 6.01556e-10 5.84278e-10 6.19598e-10 6.01169e-10 9.63179e-11 9.64073e-11 9.63798e-11 9.36116e-11 9.92706e-11
0.354813 4.62708e-10 4.62519e-10 4.49242e-10 4.76849e-10 4.62325e-10 9.3252e-11 9.33291e-11 9.3291e-11 9.0613e-11 9.61815e-11
0.398107 3.54839e-10 3.54702e-10 3.44444e-10 3.65614e-10 3.54583e-10 9.00385e-11 9.01036e-11 9.00688e-11 8.74638e-11 9.28396e-11
0.446684 2.71378e-10 2.71275e-10 2.63306e-10 2.79716e-10 2.71211e-10 8.66997e-11 8.67532e-11 8.67201e-11 8.41727e-11 8.94185e-11
0.501187 2.06984e-10 2.06927e-10 2.00686e-10 2.13367e-10 2.06879e-10 8.3258e-11 8.33003e-11 8.32777e-11 8.07656e-11 8.58692e-11
0.562341 1.5744e-10 1.57374e-10 1.52636e-10 1.62288e-10 1.57377e-10 7.97357e-11 7.97674e-11 7.97338e-11 7.73336e-11 8.22239e-11
0.630957 1.1943e-10 1.19363e-10 1.15941e-10 1.23001e-10 1.19396e-10 7.61551e-11 7.61768e-11 7.61342e-11 7.39514e-11 7.8455e-11
0.707946 9.03502e-11 9.0268e-11 8.77673e-11 9.30895e-11 9.03345e-11 7.25377e-11 7.25503e-11 7.24843e-11 7.04763e-11 7.475e-11
0.794328 6.81655e-11 6.81201e-11 6.61972e-11 7.01819e-11 6.81613e-11 6.89046e-11 6.89088e-11 6.8863e-11 6.69191e-11 7.09473e-11
0.891251 5.12885e-11 5.12814e-11 4.97656e-11 5.27991e-11 5.12909e-11 6.52756e-11 6.52725e-11 6.52634e-11 6.33344e-11 6.7195e-11
1 3.84854e-11 3.84707e-11 3.73363e-11 3.9649e-11 3.84913e-11 6.16698e-11 6.16604e-11 6.16369e-11 5.98193e-11 6.35247e-11
1.12202 2.88e-11 2.88003e-11 2.79626e-11 2.96872e-11 2.88073e-11 5.8105e-11 5.80903e-11 5.80908e-11 5.64011e-11 5.98797e-11
1.25893 2.14938e-11 2.14866e-11 2.08366e-11 2.21498e-11 2.15012e-11 5.45976e-11 5.45786e-11 5.45604e-11 5.29098e-11 5.62444e-11
1.41254 1.59976e-11 1.59997e-11 1.55063e-11 1.64858e-11 1.60045e-11 5.11625e-11 5.11405e-11 5.11472e-11 4.957e-11 5.27012e-11
1.58489 1.18747e-11 1.1868e-11 1.1507e-11 1.22517e-11 1.18806e-11 4.78134e-11 4.77894e-11 4.77628e-11 4.63099e-11 4.93069e-11
1.77828 8.79049e-12 8.79157e-12 8.50928e-12 9.07623e-12 8.7954e-12 4.45622e-11 4.45373e-11 4.45427e-11 4.31125e-11 4.5985e-11
1.99526 6.4898e-12 6.49401e-12 6.26326e-12 6.71258e-12 6.49369e-12 4.14192e-11 4.13944e-11 4.14213e-11 3.99495e-11 4.28154e-11
2.23872 4.77835e-12 4.78051e-12 4.59349e-12 4.95305e-12 4.7813e-12 3.83934e-11 3.83697e-11 3.83871e-11 3.68853e-11 3.97725e-11
2.51189 3.50876e-12 3.50779e-12 3.3597e-12 3.64859e-12 3.51091e-12 3.54919e-11 3.54703e-11 3.54604e-11 3.39633e-11 3.68838e-11
2.81838 2.56957e-12 2.56872e-12 2.4474e-12 2.67896e-12 2.57106e-12 3.27207e-11 3.27018e-11 3.26909e-11 3.1147e-11 3.4094e-11
3.16228 1.87672e-12 1.87645e-12 1.77908e-12 1.96465e-12 1.87769e-12 3.00838e-11 3.00684e-11 3.00641e-11 2.8504e-11 3.14772e-11
3.54813 1.36702e-12 1.36658e-12 1.28925e-12 1.43725e-12 1.36758e-12 2.75844e-11 2.7573e-11 2.75642e-11 2.60045e-11 2.89896e-11
3.98107 9.93081e-13 9.92585e-13 9.2968e-13 1.04913e-12 9.9335e-13 2.52239e-11 2.52171e-11 2.52045e-11 2.36072e-11 2.66403e-11
4.46684 7.19504e-13 7.19113e-13 6.69599e-13 7.63612e-13 7.19566e-13 2.30028e-11 2.30008e-11 2.29883e-11 2.14055e-11 2.44109e-11
5.01187 5.19903e-13 5.19743e-13 4.81267e-13 5.54078e-13 5.19826e-13 2.09203e-11 2.09234e-11 2.0917e-11 1.93685e-11 2.22988e-11
5.62341 3.74674e-13 3.74271e-13 3.44727e-13 4.01011e-13 3.7451e-13 1.89747e-11 1.8983e-11 1.89625e-11 1.74657e-11 2.03173e-11
6.30957 2.69296e-13 2.68542e-13 2.46658e-13 2.90171e-13 2.69085e-13 1.71632e-11 1.71767e-11 1.71286e-11 1.57328e-11 1.85082e-11
7.07946 1.93043e-13 1.92484e-13 1.75151e-13 2.09116e-13 1.92811e-13 1.54826e-11 1.55012e-11 1.54562e-11 1.40644e-11 1.67918e-11
7.94328 1.38015e-13 1.37472e-13 1.24563e-13 1.50635e-13 1.37783e-13 1.39286e-11 1.3952e-11 1.38971e-11 1.25922e-11 1.52278e-11
8.91251 9.8413e-14 9.78627e-14 8.82729e-14 1.08242e-13 9.81923e-14 1.24965e-11 1.25246e-11 1.24545e-11 1.12341e-11 1.37755e-11
10 6.99895e-14 6.95012e-14 6.23573e-14 7.74299e-14 6.97876e-14 1.11812e-11 1.12135e-11 1.11353e-11 9.99073e-12 1.24056e-11
11.2202 4.96445e-14 4.92829e-14 4.39402e-14 5.5202e-14 4.9465e-14 9.97719e-12 1.00134e-11 9.94046e-12 8.86283e-12 1.11344e-11
12.5893 3.51212e-14 3.4866e-14 3.07783e-14 3.92356e-14 3.49653e-14 8.87865e-12 8.91825e-12 8.85345e-12 7.81548e-12 9.96301e-12
14.1254 2.47817e-14 2.45603e-14 2.15323e-14 2.78452e-14 2.46487e-14 7.87961e-12 7.92213e-12 7.85136e-12 6.88337e-12 8.90146e-12
15.8489 1.74406e-14 1.72481e-14 1.50259e-14 1.97336e-14 1.73289e-14 6.97399e-12 7.01893e-12 6.94147e-12 6.04714e-12 7.94177e-12
17.7828 1.22422e-14 1.20921e-14 1.04668e-14 1.39829e-14 1.21497e-14 6.15569e-12 6.20254e-12 6.12651e-12 5.30304e-12 7.08445e-12
19.9526 8.57099e-15 8.46526e-15 7.27337e-15 9.86442e-15 8.49534e-15 5.41865e-12 5.4669e-12 5.39947e-12 4.63923e-12 6.2919e-12
22.3872 5.98521e-15 5.90519e-15 5.03395e-15 6.94226e-15 5.92399e-15 4.75691e-12 4.80606e-12 4.74181e-12 4.04221e-12 5.57457e-12
25.1189 4.16877e-15 4.11644e-15 3.47361e-15 4.87013e-15 4.11971e-15 4.16464e-12 4.21423e-12 4.16133e-12 3.51149e-12 4.92324e-12
28.1838 2.89614e-15 2.85042e-15 2.3887e-15 3.40634e-15 2.85718e-15 3.6362e-12 3.68578e-12 3.6276e-12 3.03999e-12 4.3351e-12
31.6228 2.00687e-15 1.9722e-15 1.63466e-15 2.37676e-15 1.97619e-15 3.1662e-12 3.21536e-12 3.15982e-12 2.61902e-12 3.80799e-12
35.4813 1.3871e-15 1.3596e-15 1.11592e-15 1.65764e-15 1.36313e-15 2.74946e-12 2.79782e-12 2.74235e-12 2.25084e-12 3.3435e-12
39.8107 9.56301e-16 9.35558e-16 7.59001e-16 1.15106e-15 9.37704e-16 2.38109e-12 2.42831e-12 2.37564e-12 1.92731e-12 2.92286e-12
44.6684 6.57626e-16 6.41471e-16 5.13806e-16 7.98828e-16 6.43299e-16 2.05647e-12 2.10227e-12 2.05063e-12 1.64252e-12 2.55366e-12
50.1187 4.51093e-16 4.38029e-16 3.48089e-16 5.52962e-16 4.40128e-16 1.77129e-12 1.81542e-12 1.76284e-12 1.40088e-12 2.22539e-12
56.2341 3.08646e-16 2.98707e-16 2.34705e-16 3.8193e-16 3.00306e-16 1.52151e-12 1.56377e-12 1.51341e-12 1.18914e-12 1.93506e-12
63.0957 2.10653e-16 2.03032e-16 1.57622e-16 2.62822e-16 2.04347e-16 1.3034e-12 1.34362e-12 1.29501e-12 1.00537e-12 1.67638e-12
70.7946 1.43414e-16 1.37724e-16 1.05463e-16 1.80359e-16 1.38673e-16 1.11353e-12 1.1516e-12 1.10591e-12 8.46855e-13 1.44826e-12
79.4328 9.73942e-17 9.32442e-17 7.03994e-17 1.2348e-16 9.38496e-17 9.4873e-13 9.84563e-13 9.42611e-13 7.11671e-13 1.24827e-12
89.1251 6.59783e-17 6.28716e-17 4.6799e-17 8.44056e-17 6.33422e-17 8.06127e-13 8.39676e-13 8.00138e-13 5.9559e-13 1.07419e-12
100 4.45861e-17 4.22358e-17 3.10241e-17 5.75555e-17 4.26356e-17 6.83098e-13 7.14348e-13 6.76692e-13 4.9706e-13 9.22142e-13
