results/errorbands/sed_fermi.ecsv
# %ECSV 0.9
# ---
# datatype:
# - {name: energy, unit: TeV, datatype: float64, format: 3g}
# - {name: dnde_mean, unit: 1 / (cm2 s TeV), datatype: float64, format: 3g}
# - {name: dnde_median, unit: 1 / (cm2 s TeV), datatype: float64, format: 3g}
# - {name: dnde_lo, unit: 1 / (cm2 s TeV), datatype: float64, format: 3g}
# - {name: dnde_hi, unit: 1 / (cm2 s TeV), datatype: float64, format: 3g}
# - {name: dnde_fit, unit: 1 / (cm2 s TeV), datatype: float64, format: 3g}
# - {name: e2dnde_fit, unit: erg / (cm2 s), datatype: float64, format: 3g}
# - {name: e2dnde_mean, unit: erg / (cm2 s), datatype: float64, format: 3g}
# - {name: e2dnde_median, unit: erg / (cm2 s), datatype: float64, format: 3g}
# - {name: e2dnde_lo, unit: erg / (cm2 s), datatype: float64, format: 3g}
# - {name: e2dnde_hi, unit: erg / (cm2 s), datatype: float64, format: 3g}
# schema: astropy-2.0
energy dnde_mean dnde_median dnde_lo dnde_hi dnde_fit e2dnde_fit e2dnde_mean e2dnde_median e2dnde_lo e2dnde_hi
0.01 6.59265e-07 6.26065e-07 4.54153e-07 8.84909e-07 6.36369e-07 1.01957e-10 1.05626e-10 1.00307e-10 7.27634e-11 1.41778e-10
0.0112202 5.28378e-07 5.06693e-07 3.77511e-07 6.93689e-07 5.15345e-07 1.03946e-10 1.06575e-10 1.02201e-10 7.61448e-11 1.39918e-10
0.0125893 4.23357e-07 4.10309e-07 3.13804e-07 5.40451e-07 4.16682e-07 1.05807e-10 1.07502e-10 1.04189e-10 7.96837e-11 1.37236e-10
0.0141254 3.39076e-07 3.3135e-07 2.60803e-07 4.21575e-07 3.36378e-07 1.07532e-10 1.08395e-10 1.05925e-10 8.33726e-11 1.34768e-10
0.0158489 2.71438e-07 2.66768e-07 2.15249e-07 3.29026e-07 2.71125e-07 1.09114e-10 1.0924e-10 1.07361e-10 8.66267e-11 1.32416e-10
0.0177828 2.1716e-07 2.14124e-07 1.77551e-07 2.56452e-07 2.18186e-07 1.10545e-10 1.10025e-10 1.08487e-10 8.99569e-11 1.29932e-10
0.0199526 1.73613e-07 1.72142e-07 1.45835e-07 2.00961e-07 1.75309e-07 1.11819e-10 1.10737e-10 1.09798e-10 9.30191e-11 1.28181e-10
0.0223872 1.38688e-07 1.38297e-07 1.19286e-07 1.56974e-07 1.40636e-07 1.12929e-10 1.11365e-10 1.11051e-10 9.57852e-11 1.26048e-10
0.0251189 1.1069e-07 1.10576e-07 9.75613e-08 1.23541e-07 1.12644e-07 1.13872e-10 1.11897e-10 1.11782e-10 9.86252e-11 1.24888e-10
0.0281838 8.82582e-08 8.84265e-08 7.92392e-08 9.72392e-08 9.00814e-08 1.14642e-10 1.12322e-10 1.12536e-10 1.00844e-10 1.23752e-10
0.0316228 7.02987e-08 7.05127e-08 6.41052e-08 7.62884e-08 7.1925e-08 1.15237e-10 1.12631e-10 1.12974e-10 1.02708e-10 1.22227e-10
0.0354813 5.5931e-08 5.62159e-08 5.19017e-08 5.99852e-08 5.7338e-08 1.15652e-10 1.12814e-10 1.13389e-10 1.04687e-10 1.20991e-10
0.0398107 4.4447e-08 4.48014e-08 4.18448e-08 4.70899e-08 4.56375e-08 1.15886e-10 1.12863e-10 1.13763e-10 1.06256e-10 1.19574e-10
0.0446684 3.52768e-08 3.55803e-08 3.35755e-08 3.70738e-08 3.62676e-08 1.15939e-10 1.12772e-10 1.13742e-10 1.07333e-10 1.18516e-10
0.0501187 2.79622e-08 2.82461e-08 2.6834e-08 2.92146e-08 2.87762e-08 1.1581e-10 1.12533e-10 1.13676e-10 1.07993e-10 1.17574e-10
0.0562341 2.21342e-08 2.2424e-08 2.12363e-08 2.30504e-08 2.27964e-08 1.15498e-10 1.12144e-10 1.13612e-10 1.07595e-10 1.16785e-10
0.0630957 1.74965e-08 1.76972e-08 1.67082e-08 1.82099e-08 1.80308e-08 1.15007e-10 1.116e-10 1.1288e-10 1.06571e-10 1.1615e-10
0.0707946 1.38107e-08 1.39493e-08 1.31532e-08 1.44265e-08 1.42391e-08 1.14338e-10 1.10899e-10 1.12011e-10 1.05619e-10 1.15844e-10
0.0794328 1.08854e-08 1.09833e-08 1.03665e-08 1.14335e-08 1.1227e-08 1.13495e-10 1.10041e-10 1.11031e-10 1.04795e-10 1.15582e-10
0.0891251 8.56695e-09 8.63712e-09 8.12205e-09 9.05472e-09 8.83824e-09 1.1248e-10 1.09028e-10 1.09921e-10 1.03366e-10 1.15235e-10
0.1 6.73211e-09 6.77928e-09 6.338e-09 7.14972e-09 6.94679e-09 1.113e-10 1.0786e-10 1.08616e-10 1.01546e-10 1.14551e-10
0.112202 5.28219e-09 5.31591e-09 4.96601e-09 5.62739e-09 5.45155e-09 1.09959e-10 1.06543e-10 1.07223e-10 1.00166e-10 1.13506e-10
0.125893 4.1382e-09 4.15798e-09 3.87193e-09 4.42076e-09 4.27143e-09 1.08463e-10 1.05081e-10 1.05583e-10 9.83192e-11 1.12255e-10
0.141254 3.23701e-09 3.25071e-09 3.01264e-09 3.46352e-09 3.34152e-09 1.0682e-10 1.03479e-10 1.03918e-10 9.6307e-11 1.1072e-10
0.158489 2.52819e-09 2.53928e-09 2.3491e-09 2.71181e-09 2.60995e-09 1.05037e-10 1.01747e-10 1.02193e-10 9.4539e-11 1.09136e-10
0.177828 1.97159e-09 1.9798e-09 1.83216e-09 2.12128e-09 2.03534e-09 1.03121e-10 9.98913e-11 1.00307e-10 9.2827e-11 1.07475e-10
0.199526 1.53522e-09 1.54315e-09 1.4238e-09 1.65406e-09 1.58474e-09 1.01081e-10 9.79222e-11 9.8428e-11 9.08152e-11 1.05502e-10
0.223872 1.19366e-09 1.19768e-09 1.10759e-09 1.28479e-09 1.23197e-09 9.89257e-11 9.58497e-11 9.61729e-11 8.89383e-11 1.03168e-10
0.251189 9.2674e-10 9.29948e-10 8.5889e-10 1.00195e-09 9.56215e-10 9.66643e-11 9.36847e-11 9.40089e-11 8.68257e-11 1.01288e-10
0.281838 7.18486e-10 7.22312e-10 6.66805e-10 7.83429e-10 7.4102e-10 9.43062e-11 9.14385e-11 9.19253e-11 8.48612e-11 9.97035e-11
0.316228 5.56261e-10 5.61051e-10 5.13619e-10 6.09563e-10 5.73353e-10 9.18612e-11 8.91228e-11 8.98902e-11 8.22908e-11 9.76627e-11
0.354813 4.30089e-10 4.33591e-10 3.95181e-10 4.70716e-10 4.42926e-10 8.9339e-11 8.67498e-11 8.74562e-11 7.97088e-11 9.49443e-11
0.398107 3.32108e-10 3.35069e-10 3.02841e-10 3.6522e-10 3.41631e-10 8.67496e-11 8.43315e-11 8.50835e-11 7.68997e-11 9.27394e-11
0.446684 2.56134e-10 2.57716e-10 2.2987e-10 2.85895e-10 2.63088e-10 8.4103e-11 8.18799e-11 8.23855e-11 7.3484e-11 9.13938e-11
0.501187 1.97309e-10 1.98665e-10 1.73837e-10 2.23521e-10 2.02284e-10 8.1409e-11 7.94068e-11 7.99524e-11 6.99605e-11 8.99558e-11
0.562341 1.51828e-10 1.52751e-10 1.31157e-10 1.74385e-10 1.55289e-10 7.86775e-11 7.6924e-11 7.73919e-11 6.64509e-11 8.83527e-11
0.630957 1.16711e-10 1.17929e-10 9.91941e-11 1.35625e-10 1.19024e-10 7.59183e-11 7.44425e-11 7.52198e-11 6.32698e-11 8.65067e-11
0.707946 8.96313e-11 9.03114e-11 7.40397e-11 1.05826e-10 9.10855e-11 7.31407e-11 7.19731e-11 7.25192e-11 5.94532e-11 8.49775e-11
0.794328 6.87758e-11 6.89977e-11 5.54337e-11 8.25444e-11 6.95952e-11 7.03542e-11 6.95258e-11 6.97501e-11 5.60382e-11 8.34445e-11
0.891251 5.27325e-11 5.26253e-11 4.16274e-11 6.45952e-11 5.30918e-11 6.75674e-11 6.71102e-11 6.69738e-11 5.29773e-11 8.22074e-11
1 4.04044e-11 4.03037e-11 3.09058e-11 5.03775e-11 4.04382e-11 6.47892e-11 6.4735e-11 6.45737e-11 4.95166e-11 8.07136e-11
1.12202 3.09408e-11 3.08463e-11 2.2897e-11 3.92787e-11 3.07521e-11 6.20276e-11 6.24083e-11 6.22176e-11 4.61838e-11 7.9226e-11
1.25893 2.36829e-11 2.35627e-11 1.68815e-11 3.06548e-11 2.33493e-11 5.92904e-11 6.01374e-11 5.98323e-11 4.28668e-11 7.78412e-11
1.41254 1.81211e-11 1.79649e-11 1.24049e-11 2.39437e-11 1.77007e-11 5.6585e-11 5.79287e-11 5.74295e-11 3.96555e-11 7.65424e-11
1.58489 1.38622e-11 1.36197e-11 9.09444e-12 1.87852e-11 1.33976e-11 5.39183e-11 5.57882e-11 5.48121e-11 3.66005e-11 7.56008e-11
1.77828 1.06031e-11 1.0321e-11 6.64684e-12 1.47105e-11 1.01246e-11 5.12965e-11 5.37207e-11 5.22917e-11 3.36764e-11 7.45312e-11
1.99526 8.1103e-12 7.77302e-12 4.84597e-12 1.15244e-11 7.63917e-12 4.87255e-11 5.17305e-11 4.95792e-11 3.09094e-11 7.35071e-11
2.23872 6.20449e-12 5.84107e-12 3.52849e-12 8.9337e-12 5.75483e-12 4.62107e-11 4.98214e-11 4.69032e-11 2.83335e-11 7.17368e-11
2.51189 4.74785e-12 4.38404e-12 2.56925e-12 6.94337e-12 4.32849e-12 4.37569e-11 4.79963e-11 4.43185e-11 2.59727e-11 7.01908e-11
2.81838 3.63472e-12 3.28377e-12 1.86069e-12 5.40572e-12 3.25055e-12 4.13683e-11 4.62574e-11 4.17911e-11 2.36801e-11 6.87961e-11
3.16228 2.78413e-12 2.46575e-12 1.35172e-12 4.21478e-12 2.43722e-12 3.90486e-11 4.46067e-11 3.95057e-11 2.16569e-11 6.75283e-11
3.54813 2.13411e-12 1.86204e-12 9.68592e-13 3.28583e-12 1.82453e-12 3.68012e-11 4.30455e-11 3.75577e-11 1.95367e-11 6.62758e-11
3.98107 1.63726e-12 1.38663e-12 6.99044e-13 2.58572e-12 1.36372e-12 3.46286e-11 4.15746e-11 3.52105e-11 1.77507e-11 6.56586e-11
4.46684 1.25735e-12 1.03448e-12 5.05178e-13 2.01193e-12 1.01769e-12 3.25331e-11 4.01946e-11 3.307e-11 1.61493e-11 6.43166e-11
5.01187 9.66726e-13 7.69138e-13 3.6136e-13 1.55594e-12 7.58267e-13 3.05163e-11 3.89058e-11 3.09539e-11 1.45429e-11 6.26187e-11
5.62341 7.44259e-13 5.72031e-13 2.56921e-13 1.21988e-12 5.64088e-13 2.85797e-11 3.77081e-11 2.89821e-11 1.3017e-11 6.18058e-11
6.30957 5.73834e-13 4.26018e-13 1.81721e-13 9.48948e-13 4.18976e-13 2.67239e-11 3.66013e-11 2.7173e-11 1.15908e-11 6.05275e-11
7.07946 4.43159e-13 3.16053e-13 1.28205e-13 7.36358e-13 3.10706e-13 2.49494e-11 3.55853e-11 2.53787e-11 1.02948e-11 5.91288e-11
7.94328 3.42857e-13 2.34017e-13 8.98675e-14 5.69954e-13 2.30052e-13 2.32561e-11 3.46595e-11 2.36569e-11 9.08475e-12 5.76169e-11
8.91251 2.65774e-13 1.73006e-13 6.28253e-14 4.44187e-13 1.70067e-13 2.16437e-11 3.38239e-11 2.20176e-11 7.99548e-12 5.65296e-11
10 2.06456e-13 1.27596e-13 4.40489e-14 3.44506e-13 1.25525e-13 2.01114e-11 3.3078e-11 2.04431e-11 7.05742e-12 5.5196e-11
11.2202 1.60741e-13 9.39186e-14 3.07382e-14 2.65503e-13 9.25041e-14 1.86583e-11 3.24218e-11 1.89436e-11 6.19996e-12 5.35524e-11
12.5893 1.25451e-13 6.92739e-14 2.14546e-14 2.04075e-13 6.80624e-14 1.72829e-11 3.18554e-11 1.75906e-11 5.44793e-12 5.18204e-11
14.1254 9.81596e-14 5.10707e-14 1.48409e-14 1.58124e-13 5.00001e-14 1.59838e-11 3.13793e-11 1.63261e-11 4.74427e-12 5.05483e-11
15.8489 7.70137e-14 3.74446e-14 1.02417e-14 1.23633e-13 3.66734e-14 1.47592e-11 3.09941e-11 1.50695e-11 4.12176e-12 4.97558e-11
17.7828 6.05956e-14 2.72791e-14 7.05783e-15 9.63649e-14 2.68565e-14 1.36069e-11 3.07009e-11 1.3821e-11 3.57587e-12 4.88236e-11
19.9526 4.782e-14 1.99039e-14 4.85776e-15 7.50239e-14 1.96366e-14 1.25249e-11 3.05014e-11 1.26955e-11 3.09846e-12 4.78531e-11
22.3872 3.78556e-14 1.44976e-14 3.33784e-15 5.82318e-14 1.4335e-14 1.15109e-11 3.03977e-11 1.16414e-11 2.68025e-12 4.67596e-11
25.1189 3.00648e-14 1.06192e-14 2.28695e-15 4.52372e-14 1.04484e-14 1.05623e-11 3.03926e-11 1.0735e-11 2.31189e-12 4.57305e-11
28.1838 2.39575e-14 7.75473e-15 1.56246e-15 3.50496e-14 7.60355e-15 9.67669e-12 3.04897e-11 9.86909e-12 1.98847e-12 4.4606e-11
31.6228 1.91572e-14 5.6486e-15 1.06445e-15 2.73765e-14 5.52461e-15 8.85139e-12 3.06932e-11 9.05006e-12 1.70543e-12 4.3862e-11
35.4813 1.53734e-14 4.07321e-15 7.21911e-16 2.13334e-14 4.00778e-15 8.08377e-12 3.10086e-11 8.21576e-12 1.45611e-12 4.30299e-11
39.8107 1.23823e-14 2.94879e-15 4.89825e-16 1.66274e-14 2.90284e-15 7.37112e-12 3.14421e-11 7.48779e-12 1.2438e-12 4.22217e-11
44.6684 1.00106e-14 2.12437e-15 3.30857e-16 1.29589e-14 2.09923e-15 6.71074e-12 3.20015e-11 6.7911e-12 1.05767e-12 4.14266e-11
50.1187 8.12422e-15 1.52784e-15 2.22845e-16 1.00867e-14 1.5157e-15 6.09993e-12 3.26958e-11 6.14876e-12 8.96837e-13 4.05937e-11
56.2341 6.61907e-15 1.09695e-15 1.49668e-16 7.83305e-15 1.09266e-15 5.536e-12 3.35357e-11 5.55771e-12 7.58295e-13 3.96864e-11
63.0957 5.41417e-15 7.89293e-16 1.00682e-16 6.08773e-15 7.86457e-16 5.01632e-12 3.45336e-11 5.03441e-12 6.42187e-13 3.88298e-11
70.7946 4.44642e-15 5.68601e-16 6.77435e-17 4.72481e-15 5.65172e-16 4.53828e-12 3.57043e-11 4.56581e-12 5.43974e-13 3.79398e-11
79.4328 3.6665e-15 4.05815e-16 4.4967e-17 3.641e-15 4.05513e-16 4.09935e-12 3.70648e-11 4.1024e-12 4.54574e-13 3.6807e-11
89.1251 3.03579e-15 2.91374e-16 2.97082e-17 2.84345e-15 2.905e-16 3.69705e-12 3.86351e-11 3.70819e-12 3.78083e-13 3.61873e-11
100 2.52396e-15 2.08893e-16 1.95733e-17 2.2265e-15 2.0778e-16 3.329e-12 4.04383e-11 3.34684e-12 3.13598e-13 3.56724e-11
