results/errorbands/sed_hess.ecsv
# %ECSV 0.9
# ---
# datatype:
# - {name: energy, unit: TeV, datatype: float64, format: 3g}
# - {name: dnde_mean, unit: 1 / (cm2 s TeV), datatype: float64, format: 3g}
# - {name: dnde_median, unit: 1 / (cm2 s TeV), datatype: float64, format: 3g}
# - {name: dnde_lo, unit: 1 / (cm2 s TeV), datatype: float64, format: 3g}
# - {name: dnde_hi, unit: 1 / (cm2 s TeV), datatype: float64, format: 3g}
# - {name: dnde_fit, unit: 1 / (cm2 s TeV), datatype: float64, format: 3g}
# - {name: e2dnde_fit, unit: erg / (cm2 s), datatype: float64, format: 3g}
# - {name: e2dnde_mean, unit: erg / (cm2 s), datatype: float64, format: 3g}
# - {name: e2dnde_median, unit: erg / (cm2 s), datatype: float64, format: 3g}
# - {name: e2dnde_lo, unit: erg / (cm2 s), datatype: float64, format: 3g}
# - {name: e2dnde_hi, unit: erg / (cm2 s), datatype: float64, format: 3g}
# schema: astropy-2.0
energy dnde_mean dnde_median dnde_lo dnde_hi dnde_fit e2dnde_fit e2dnde_mean e2dnde_median e2dnde_lo e2dnde_hi
0.01 2.40311e-06 9.05873e-08 5.91493e-09 1.4206e-06 8.88835e-08 1.42407e-11 3.85021e-10 1.45137e-11 9.47676e-13 2.27606e-10
0.0112202 1.70764e-06 8.10776e-08 5.99102e-09 1.13157e-06 7.99157e-08 1.61192e-11 3.44434e-10 1.63535e-11 1.2084e-12 2.2824e-10
0.0125893 1.22058e-06 7.22942e-08 6.02631e-09 8.99967e-07 7.15457e-08 1.81674e-11 3.0994e-10 1.83575e-11 1.53025e-12 2.28527e-10
0.0141254 8.77596e-07 6.43728e-08 6.01989e-09 7.14172e-07 6.37786e-08 2.03885e-11 2.80547e-10 2.05785e-11 1.92442e-12 2.28304e-10
0.0158489 6.34706e-07 5.70037e-08 5.95935e-09 5.6446e-07 5.66118e-08 2.27834e-11 2.55437e-10 2.2941e-11 2.39833e-12 2.27166e-10
0.0177828 4.61728e-07 5.02462e-08 5.83612e-09 4.5036e-07 5.00357e-08 2.53507e-11 2.33936e-10 2.54574e-11 2.95688e-12 2.28176e-10
0.0199526 3.37838e-07 4.44794e-08 5.6778e-09 3.56126e-07 4.40344e-08 2.80868e-11 2.15486e-10 2.83706e-11 3.62152e-12 2.27151e-10
0.0223872 2.48602e-07 3.92745e-08 5.48746e-09 2.82193e-07 3.85874e-08 3.09853e-11 1.99625e-10 3.15371e-11 4.40637e-12 2.26598e-10
0.0251189 1.83961e-07 3.40292e-08 5.28937e-09 2.22877e-07 3.36697e-08 3.40369e-11 1.85967e-10 3.44003e-11 5.34705e-12 2.25307e-10
0.0281838 1.36871e-07 2.94896e-08 5.06381e-09 1.74968e-07 2.92532e-08 3.72292e-11 1.7419e-10 3.75301e-11 6.44448e-12 2.22673e-10
0.0316228 1.02375e-07 2.562e-08 4.81496e-09 1.37293e-07 2.53074e-08 4.05469e-11 1.64022e-10 4.10478e-11 7.71441e-12 2.19967e-10
0.0354813 7.69635e-08 2.21373e-08 4.52632e-09 1.07673e-07 2.18003e-08 4.39716e-11 1.55237e-10 4.46515e-11 9.12969e-12 2.17178e-10
0.0398107 5.81426e-08 1.90764e-08 4.19629e-09 8.41458e-08 1.86989e-08 4.74818e-11 1.4764e-10 4.84403e-11 1.06556e-11 2.1367e-10
0.0446684 4.41284e-08 1.63137e-08 3.87955e-09 6.60659e-08 1.59703e-08 5.10531e-11 1.41068e-10 5.21509e-11 1.2402e-11 2.11197e-10
0.0501187 3.36388e-08 1.38126e-08 3.61287e-09 5.16891e-08 1.35815e-08 5.46585e-11 1.35379e-10 5.55885e-11 1.454e-11 2.08022e-10
0.0562341 2.57477e-08 1.17052e-08 3.33444e-09 4.0412e-08 1.15007e-08 5.82685e-11 1.30451e-10 5.93047e-11 1.68941e-11 2.04749e-10
0.0630957 1.97823e-08 9.85073e-09 3.00416e-09 3.14405e-08 9.69705e-09 6.18515e-11 1.26179e-10 6.28317e-11 1.91617e-11 2.00539e-10
0.0707946 1.52518e-08 8.2713e-09 2.69466e-09 2.42855e-08 8.14135e-09 6.53742e-11 1.2247e-10 6.64178e-11 2.16378e-11 1.9501e-10
0.0794328 1.17956e-08 6.93928e-09 2.42073e-09 1.91163e-08 6.80602e-09 6.88024e-11 1.19242e-10 7.01495e-11 2.44713e-11 1.93248e-10
0.0891251 9.14789e-09 5.76312e-09 2.16086e-09 1.49601e-08 5.6654e-09 7.2101e-11 1.16421e-10 7.33446e-11 2.75002e-11 1.90391e-10
0.1 7.11168e-09 4.75885e-09 1.91987e-09 1.16188e-08 4.69579e-09 7.52348e-11 1.13942e-10 7.62452e-11 3.07597e-11 1.86154e-10
0.112202 5.54003e-09 3.92884e-09 1.69804e-09 8.98357e-09 3.87549e-09 7.81694e-11 1.11744e-10 7.92456e-11 3.42497e-11 1.81201e-10
0.125893 4.32296e-09 3.23027e-09 1.48905e-09 6.95381e-09 3.18482e-09 8.08714e-11 1.09772e-10 8.20256e-11 3.78112e-11 1.76577e-10
0.141254 3.37766e-09 2.643e-09 1.29258e-09 5.37494e-09 2.60605e-09 8.33094e-11 1.07976e-10 8.44903e-11 4.13206e-11 1.71824e-10
0.158489 2.64153e-09 2.15122e-09 1.11814e-09 4.09939e-09 2.12335e-09 8.54541e-11 1.06308e-10 8.65755e-11 4.49993e-11 1.64979e-10
0.177828 2.06699e-09 1.74315e-09 9.63473e-10 3.1513e-09 1.72267e-09 8.72795e-11 1.04725e-10 8.8317e-11 4.88146e-11 1.59661e-10
0.199526 1.61774e-09 1.40822e-09 8.22746e-10 2.42305e-09 1.39162e-09 8.8763e-11 1.03186e-10 8.98218e-11 5.24779e-11 1.54551e-10
0.223872 1.26593e-09 1.1341e-09 7.0008e-10 1.83736e-09 1.11939e-09 8.9886e-11 1.01653e-10 9.10668e-11 5.62157e-11 1.47538e-10
0.251189 9.90126e-10 9.09596e-10 5.86699e-10 1.3996e-09 8.96566e-10 9.06343e-11 1.00092e-10 9.19515e-11 5.93097e-11 1.41487e-10
0.281838 7.73756e-10 7.20144e-10 4.86802e-10 1.06569e-09 7.15028e-10 9.09984e-11 9.84723e-11 9.16495e-11 6.1953e-11 1.35625e-10
0.316228 6.03959e-10 5.71653e-10 4.02751e-10 8.10571e-10 5.67812e-10 9.09735e-11 9.67649e-11 9.15889e-11 6.45278e-11 1.29868e-10
0.354813 4.70723e-10 4.52244e-10 3.32419e-10 6.15778e-10 4.48979e-10 9.056e-11 9.49458e-11 9.12186e-11 6.70495e-11 1.24204e-10
0.398107 3.66224e-10 3.57183e-10 2.72406e-10 4.64716e-10 3.53499e-10 8.97632e-11 9.29946e-11 9.06988e-11 6.91715e-11 1.18004e-10
0.446684 2.84334e-10 2.80157e-10 2.20848e-10 3.49133e-10 2.77134e-10 8.85932e-11 9.08948e-11 8.95596e-11 7.05999e-11 1.11609e-10
0.501187 2.20238e-10 2.17871e-10 1.78456e-10 2.62549e-10 2.16338e-10 8.70649e-11 8.86345e-11 8.7682e-11 7.18195e-11 1.05662e-10
0.562341 1.70149e-10 1.68974e-10 1.44104e-10 1.97114e-10 1.68157e-10 8.51973e-11 8.62063e-11 8.56112e-11 7.30105e-11 9.98685e-11
0.630957 1.31079e-10 1.29899e-10 1.14541e-10 1.48721e-10 1.30148e-10 8.30136e-11 8.36073e-11 8.28542e-11 7.30589e-11 9.48597e-11
0.707946 1.00673e-10 9.99479e-11 9.06552e-11 1.11169e-10 1.003e-10 8.05402e-11 8.08394e-11 8.02572e-11 7.27952e-11 8.92677e-11
0.794328 7.70685e-11 7.6535e-11 7.13076e-11 8.32977e-11 7.69673e-11 7.78067e-11 7.7909e-11 7.73696e-11 7.20852e-11 8.42061e-11
0.891251 5.87959e-11 5.8365e-11 5.55285e-11 6.24174e-11 5.88099e-11 7.48447e-11 7.48268e-11 7.42785e-11 7.06686e-11 7.94357e-11
1 4.46941e-11 4.46027e-11 4.28721e-11 4.66818e-11 4.47441e-11 7.16879e-11 7.16078e-11 7.14613e-11 6.86887e-11 7.47925e-11
1.12202 3.38471e-11 3.37577e-11 3.26581e-11 3.50471e-11 3.38969e-11 6.83708e-11 6.82704e-11 6.80901e-11 6.58721e-11 7.06907e-11
1.25893 2.55333e-11 2.55224e-11 2.46178e-11 2.63842e-11 2.55697e-11 6.49286e-11 6.48361e-11 6.48085e-11 6.25114e-11 6.69967e-11
1.41254 1.91847e-11 1.91826e-11 1.83338e-11 1.99397e-11 1.92058e-11 6.13963e-11 6.1329e-11 6.13223e-11 5.86088e-11 6.37425e-11
1.58489 1.43558e-11 1.43476e-11 1.36219e-11 1.50156e-11 1.43641e-11 5.7808e-11 5.77748e-11 5.77417e-11 5.4821e-11 6.04301e-11
1.77828 1.06978e-11 1.06785e-11 1.00768e-11 1.12868e-11 1.06971e-11 5.41969e-11 5.42006e-11 5.4103e-11 5.10544e-11 5.71849e-11
1.99526 7.93832e-12 7.90266e-12 7.45206e-12 8.42798e-12 7.93215e-12 5.05943e-11 5.06336e-11 5.04062e-11 4.75321e-11 5.37569e-11
2.23872 5.86566e-12 5.82919e-12 5.48639e-12 6.24188e-12 5.85677e-12 4.70293e-11 4.71007e-11 4.68078e-11 4.40552e-11 5.01217e-11
2.51189 4.3157e-12 4.28949e-12 4.02885e-12 4.60984e-12 4.30592e-12 4.35287e-11 4.36276e-11 4.33626e-11 4.07279e-11 4.66011e-11
2.81838 3.1618e-12 3.14978e-12 2.94617e-12 3.37914e-12 3.1522e-12 4.01166e-11 4.02387e-11 4.00859e-11 3.74945e-11 4.30048e-11
3.16228 2.30661e-12 2.30278e-12 2.13198e-12 2.47426e-12 2.29774e-12 3.68139e-11 3.69559e-11 3.68946e-11 3.41581e-11 3.96421e-11
3.54813 1.67567e-12 1.67122e-12 1.55411e-12 1.80058e-12 1.66775e-12 3.36388e-11 3.37987e-11 3.37088e-11 3.13467e-11 3.63181e-11
3.98107 1.21229e-12 1.21148e-12 1.11835e-12 1.30452e-12 1.20531e-12 3.06062e-11 3.07834e-11 3.07628e-11 2.83979e-11 3.31253e-11
4.46684 8.73493e-13 8.72783e-13 8.01943e-13 9.46492e-13 8.67378e-13 2.7728e-11 2.79235e-11 2.79008e-11 2.56362e-11 3.02571e-11
5.01187 6.2689e-13 6.25999e-13 5.70803e-13 6.87482e-13 6.21524e-13 2.50131e-11 2.52291e-11 2.51932e-11 2.29719e-11 2.76676e-11
5.62341 4.48181e-13 4.44684e-13 4.0449e-13 4.96102e-13 4.43453e-13 2.24677e-11 2.27072e-11 2.253e-11 2.04936e-11 2.51351e-11
6.30957 3.1923e-13 3.17462e-13 2.82698e-13 3.55938e-13 3.15049e-13 2.0095e-11 2.03617e-11 2.02489e-11 1.80315e-11 2.27031e-11
7.07946 2.26575e-13 2.24458e-13 1.97115e-13 2.57206e-13 2.22868e-13 1.78961e-11 1.81937e-11 1.80237e-11 1.58281e-11 2.06534e-11
7.94328 1.60269e-13 1.5822e-13 1.35252e-13 1.85028e-13 1.56986e-13 1.58697e-11 1.62017e-11 1.59945e-11 1.36727e-11 1.87045e-11
8.91251 1.13006e-13 1.1064e-13 9.21332e-14 1.33072e-13 1.10106e-13 1.40127e-11 1.43818e-11 1.40807e-11 1.17254e-11 1.69354e-11
10 7.94434e-14 7.72408e-14 6.2094e-14 9.52753e-14 7.68958e-14 1.23201e-11 1.27282e-11 1.23753e-11 9.94855e-12 1.52648e-11
11.2202 5.5695e-14 5.37311e-14 4.20422e-14 6.83831e-14 5.3473e-14 1.07856e-11 1.12338e-11 1.08377e-11 8.48e-12 1.3793e-11
12.5893 3.89477e-14 3.71924e-14 2.82923e-14 4.94403e-14 3.7026e-14 9.40194e-12 9.8899e-12 9.44418e-12 7.18422e-12 1.25543e-11
14.1254 2.71747e-14 2.56962e-14 1.87871e-14 3.56468e-14 2.55282e-14 8.16075e-12 8.6871e-12 8.21448e-12 6.0058e-12 1.13954e-11
15.8489 1.89226e-14 1.77064e-14 1.23849e-14 2.56716e-14 1.75256e-14 7.05315e-12 7.61539e-12 7.12591e-12 4.98429e-12 1.03315e-11
17.7828 1.3154e-14 1.21488e-14 8.09129e-15 1.85377e-14 1.19803e-14 6.06983e-12 6.6645e-12 6.15525e-12 4.09947e-12 9.39219e-12
19.9526 9.13097e-15 8.22834e-15 5.27122e-15 1.3257e-14 8.15455e-15 5.20128e-12 5.82408e-12 5.24835e-12 3.36218e-12 8.45584e-12
22.3872 6.33131e-15 5.61689e-15 3.41952e-15 9.42952e-15 5.5268e-15 4.43797e-12 5.08398e-12 4.51031e-12 2.74584e-12 7.57181e-12
25.1189 4.38654e-15 3.74255e-15 2.19199e-15 6.7412e-15 3.72983e-15 3.7705e-12 4.43437e-12 3.78337e-12 2.21589e-12 6.81472e-12
28.1838 3.03766e-15 2.49783e-15 1.40625e-15 4.80093e-15 2.50636e-15 3.18973e-12 3.86589e-12 3.17888e-12 1.78967e-12 6.10993e-12
31.6228 2.10322e-15 1.66621e-15 8.94871e-16 3.41534e-15 1.67702e-15 2.68688e-12 3.36972e-12 2.66957e-12 1.43374e-12 5.47199e-12
35.4813 1.45645e-15 1.1023e-15 5.62407e-16 2.43917e-15 1.11731e-15 2.25364e-12 2.93769e-12 2.22336e-12 1.13439e-12 4.91986e-12
39.8107 1.00905e-15 7.38402e-16 3.49967e-16 1.72329e-15 7.41225e-16 1.88218e-12 2.56226e-12 1.87501e-12 8.88663e-13 4.37591e-12
44.6684 6.99637e-16 4.8665e-16 2.18455e-16 1.22182e-15 4.89628e-16 1.56522e-12 2.23657e-12 1.5557e-12 6.9835e-13 3.90588e-12
50.1187 4.85634e-16 3.21588e-16 1.3396e-16 8.61371e-16 3.2205e-16 1.29608e-12 1.95443e-12 1.29422e-12 5.3912e-13 3.46657e-12
56.2341 3.3756e-16 2.11405e-16 8.20555e-17 6.05197e-16 2.10921e-16 1.06864e-12 1.71026e-12 1.07109e-12 4.15737e-13 3.06625e-12
63.0957 2.35031e-16 1.38524e-16 5.00705e-17 4.1961e-16 1.37549e-16 8.77339e-13 1.49912e-12 8.83561e-13 3.19369e-13 2.67643e-12
70.7946 1.63964e-16 8.93868e-17 3.04463e-17 2.91343e-16 8.93171e-17 7.17208e-13 1.31662e-12 7.17768e-13 2.44481e-13 2.33946e-12
79.4328 1.1464e-16 5.78446e-17 1.83616e-17 2.02347e-16 5.77501e-17 5.83799e-13 1.15891e-12 5.84754e-13 1.85619e-13 2.04553e-12
89.1251 8.03517e-17 3.77505e-17 1.09627e-17 1.40603e-16 3.71801e-17 4.73175e-13 1.0226e-12 4.80433e-13 1.39518e-13 1.78939e-12
100 5.64703e-17 2.42495e-17 6.49441e-18 9.91314e-17 2.38347e-17 3.81874e-13 9.04753e-13 3.88519e-13 1.04052e-13 1.58826e-12
