results/errorbands/sed_magic.ecsv
# %ECSV 0.9
# ---
# datatype:
# - {name: energy, unit: TeV, datatype: float64, format: 3g}
# - {name: dnde_mean, unit: 1 / (cm2 s TeV), datatype: float64, format: 3g}
# - {name: dnde_median, unit: 1 / (cm2 s TeV), datatype: float64, format: 3g}
# - {name: dnde_lo, unit: 1 / (cm2 s TeV), datatype: float64, format: 3g}
# - {name: dnde_hi, unit: 1 / (cm2 s TeV), datatype: float64, format: 3g}
# - {name: dnde_fit, unit: 1 / (cm2 s TeV), datatype: float64, format: 3g}
# - {name: e2dnde_fit, unit: erg / (cm2 s), datatype: float64, format: 3g}
# - {name: e2dnde_mean, unit: erg / (cm2 s), datatype: float64, format: 3g}
# - {name: e2dnde_median, unit: erg / (cm2 s), datatype: float64, format: 3g}
# - {name: e2dnde_lo, unit: erg / (cm2 s), datatype: float64, format: 3g}
# - {name: e2dnde_hi, unit: erg / (cm2 s), datatype: float64, format: 3g}
# schema: astropy-2.0
energy dnde_mean dnde_median dnde_lo dnde_hi dnde_fit e2dnde_fit e2dnde_mean e2dnde_median e2dnde_lo e2dnde_hi
0.01 1.42252e-07 1.09365e-07 5.68361e-08 2.3469e-07 1.11804e-07 1.79129e-11 2.27913e-11 1.75223e-11 9.10614e-12 3.76016e-11
0.0112202 1.25583e-07 9.91522e-08 5.36828e-08 2.03823e-07 1.01351e-07 2.04427e-11 2.53303e-11 1.99992e-11 1.08279e-11 4.11115e-11
0.0125893 1.10546e-07 8.93912e-08 5.0249e-08 1.76717e-07 9.14086e-08 2.32112e-11 2.80706e-11 2.26989e-11 1.27596e-11 4.48732e-11
0.0141254 9.70162e-08 8.02931e-08 4.70416e-08 1.51363e-07 8.20227e-08 2.62207e-11 3.10138e-11 2.56678e-11 1.50381e-11 4.83872e-11
0.0158489 8.48768e-08 7.17543e-08 4.37467e-08 1.29074e-07 7.32264e-08 2.94699e-11 3.41586e-11 2.88774e-11 1.76058e-11 5.19458e-11
0.0177828 7.40164e-08 6.38966e-08 4.04093e-08 1.09561e-07 6.50413e-08 3.29534e-11 3.75006e-11 3.23734e-11 2.04735e-11 5.55094e-11
0.0199526 6.433e-08 5.65889e-08 3.70385e-08 9.31149e-08 5.74776e-08 3.66614e-11 4.10321e-11 3.60945e-11 2.36245e-11 5.93922e-11
0.0223872 5.57182e-08 4.98444e-08 3.36929e-08 7.89435e-08 5.05353e-08 4.05794e-11 4.47412e-11 4.00246e-11 2.70551e-11 6.33908e-11
0.0251189 4.80876e-08 4.37397e-08 3.03551e-08 6.6891e-08 4.42058e-08 4.46879e-11 4.8612e-11 4.42167e-11 3.06861e-11 6.76204e-11
0.0281838 4.135e-08 3.81815e-08 2.7288e-08 5.63853e-08 3.84725e-08 4.89622e-11 5.26242e-11 4.85919e-11 3.47282e-11 7.1759e-11
0.0316228 3.54225e-08 3.3207e-08 2.4289e-08 4.74067e-08 3.33127e-08 5.33729e-11 5.67531e-11 5.32035e-11 3.89153e-11 7.59539e-11
0.0354813 3.02274e-08 2.85807e-08 2.14397e-08 3.96341e-08 2.86983e-08 5.78851e-11 6.09692e-11 5.76478e-11 4.32444e-11 7.99427e-11
0.0398107 2.5692e-08 2.45111e-08 1.88778e-08 3.2922e-08 2.45975e-08 6.24599e-11 6.5239e-11 6.22406e-11 4.79361e-11 8.35982e-11
0.0446684 2.17485e-08 2.09121e-08 1.65701e-08 2.72809e-08 2.09755e-08 6.70537e-11 6.95247e-11 6.6851e-11 5.29706e-11 8.72106e-11
0.0501187 1.83339e-08 1.77549e-08 1.44383e-08 2.24429e-08 1.7796e-08 7.16196e-11 7.37847e-11 7.14542e-11 5.81066e-11 9.0321e-11
0.0562341 1.53901e-08 1.50221e-08 1.24598e-08 1.84774e-08 1.50217e-08 7.61077e-11 7.79742e-11 7.611e-11 6.3128e-11 9.36161e-11
0.0630957 1.28631e-08 1.26476e-08 1.06834e-08 1.52218e-08 1.26154e-08 8.0466e-11 8.20458e-11 8.06711e-11 6.81425e-11 9.70906e-11
0.0707946 1.07038e-08 1.05978e-08 9.04581e-09 1.24269e-08 1.05408e-08 8.46417e-11 8.59507e-11 8.50994e-11 7.2637e-11 9.97871e-11
0.0794328 8.8672e-09 8.82158e-09 7.67647e-09 1.01102e-08 8.7626e-09 8.85816e-11 8.96389e-11 8.91778e-11 7.76019e-11 1.02205e-10
0.0891251 7.31235e-09 7.28061e-09 6.47419e-09 8.21192e-09 7.24736e-09 9.22338e-11 9.3061e-11 9.26569e-11 8.2394e-11 1.04509e-10
0.1 6.00237e-09 5.98932e-09 5.41368e-09 6.63701e-09 5.96367e-09 9.55486e-11 9.61686e-11 9.59596e-11 8.67368e-11 1.06337e-10
0.112202 4.90407e-09 4.89459e-09 4.48126e-09 5.32757e-09 4.88242e-09 9.84795e-11 9.8916e-11 9.8725e-11 9.03879e-11 1.07458e-10
0.125893 3.98779e-09 3.98365e-09 3.68607e-09 4.28234e-09 3.9769e-09 1.00985e-10 1.01261e-10 1.01156e-10 9.35997e-11 1.08741e-10
0.141254 3.22722e-09 3.22234e-09 3.02142e-09 3.42755e-09 3.22286e-09 1.03027e-10 1.03167e-10 1.03011e-10 9.65877e-11 1.09571e-10
0.158489 2.5991e-09 2.59895e-09 2.45315e-09 2.74721e-09 2.59852e-09 1.04577e-10 1.046e-10 1.04594e-10 9.87267e-11 1.10561e-10
0.177828 2.08304e-09 2.08216e-09 1.97736e-09 2.18788e-09 2.08448e-09 1.05611e-10 1.05538e-10 1.05493e-10 1.00183e-10 1.1085e-10
0.199526 1.66125e-09 1.6595e-09 1.58262e-09 1.7395e-09 1.66363e-09 1.06112e-10 1.05961e-10 1.05849e-10 1.00946e-10 1.10952e-10
0.223872 1.31831e-09 1.31883e-09 1.25894e-09 1.37849e-09 1.321e-09 1.06075e-10 1.05859e-10 1.05901e-10 1.01091e-10 1.10691e-10
0.251189 1.04097e-09 1.04141e-09 9.93818e-10 1.08878e-09 1.04361e-09 1.05499e-10 1.05232e-10 1.05276e-10 1.00466e-10 1.10066e-10
0.281838 8.17865e-10 8.18181e-10 7.78833e-10 8.55793e-10 8.20273e-10 1.04392e-10 1.04086e-10 1.04126e-10 9.91185e-11 1.08913e-10
0.316228 6.39352e-10 6.39325e-10 6.06549e-10 6.70411e-10 6.41457e-10 1.02773e-10 1.02436e-10 1.02431e-10 9.71799e-11 1.07412e-10
0.354813 4.97287e-10 4.97079e-10 4.70998e-10 5.23541e-10 4.99073e-10 1.00664e-10 1.00304e-10 1.00262e-10 9.50013e-11 1.05599e-10
0.398107 3.84838e-10 3.85021e-10 3.64174e-10 4.05346e-10 3.86321e-10 9.80977e-11 9.7721e-11 9.77674e-11 9.2474e-11 1.02929e-10
0.446684 2.96312e-10 2.96255e-10 2.80137e-10 3.13365e-10 2.97523e-10 9.5111e-11 9.47239e-11 9.47056e-11 8.9553e-11 1.00175e-10
0.501187 2.26997e-10 2.26851e-10 2.14656e-10 2.40586e-10 2.27971e-10 9.17465e-11 9.13548e-11 9.1296e-11 8.63879e-11 9.68237e-11
0.562341 1.73019e-10 1.72703e-10 1.63444e-10 1.83371e-10 1.7379e-10 8.80514e-11 8.76607e-11 8.75005e-11 8.28095e-11 9.29054e-11
0.630957 1.31212e-10 1.30938e-10 1.23587e-10 1.39194e-10 1.31814e-10 8.40757e-11 8.3692e-11 8.35175e-11 7.88285e-11 8.87832e-11
0.707946 9.90065e-11 9.8634e-11 9.32132e-11 1.05216e-10 9.94676e-11 7.98716e-11 7.95013e-11 7.92022e-11 7.48493e-11 8.44876e-11
0.794328 7.43314e-11 7.42095e-11 6.97841e-11 7.9194e-11 7.46777e-11 7.54921e-11 7.5142e-11 7.50188e-11 7.05451e-11 8.00577e-11
0.891251 5.55276e-11 5.54438e-11 5.2065e-11 5.92959e-11 5.57812e-11 7.09901e-11 7.06675e-11 7.05608e-11 6.62607e-11 7.54632e-11
1 4.12749e-11 4.11895e-11 3.84547e-11 4.42046e-11 4.14545e-11 6.64175e-11 6.61296e-11 6.59928e-11 6.16112e-11 7.08235e-11
1.12202 3.05292e-11 3.04552e-11 2.83546e-11 3.27723e-11 3.06509e-11 6.18235e-11 6.15781e-11 6.14287e-11 5.71918e-11 6.61023e-11
1.25893 2.24706e-11 2.2427e-11 2.08086e-11 2.42253e-11 2.25477e-11 5.7255e-11 5.70592e-11 5.69485e-11 5.28389e-11 6.15147e-11
1.41254 1.64589e-11 1.64379e-11 1.50756e-11 1.78433e-11 1.65025e-11 5.27545e-11 5.26153e-11 5.25481e-11 4.8193e-11 5.70408e-11
1.58489 1.19976e-11 1.1965e-11 1.08403e-11 1.31164e-11 1.20167e-11 4.83609e-11 4.82843e-11 4.8153e-11 4.36264e-11 5.27868e-11
1.77828 8.70396e-12 8.66703e-12 7.72866e-12 9.62437e-12 8.70573e-12 4.41078e-11 4.40989e-11 4.39117e-11 3.91575e-11 4.87621e-11
1.99526 6.28479e-12 6.25551e-12 5.518e-12 7.05394e-12 6.27501e-12 4.00244e-11 4.00868e-11 3.99e-11 3.51959e-11 4.49927e-11
2.23872 4.51692e-12 4.47069e-12 3.89835e-12 5.12406e-12 4.49999e-12 3.61345e-11 3.62705e-11 3.58992e-11 3.13034e-11 4.11457e-11
2.51189 3.23147e-12 3.21182e-12 2.74236e-12 3.69842e-12 3.21067e-12 3.24568e-11 3.26671e-11 3.24684e-11 2.77226e-11 3.73875e-11
2.81838 2.3014e-12 2.28573e-12 1.91946e-12 2.66404e-12 2.27912e-12 2.90053e-11 2.92889e-11 2.90894e-11 2.44281e-11 3.3904e-11
3.16228 1.63174e-12 1.61608e-12 1.32866e-12 1.90702e-12 1.60963e-12 2.57891e-11 2.61434e-11 2.58925e-11 2.12875e-11 3.05538e-11
3.54813 1.15189e-12 1.14166e-12 9.13003e-13 1.36956e-12 1.13103e-12 2.28131e-11 2.32338e-11 2.30276e-11 1.84155e-11 2.76243e-11
3.98107 8.09661e-13 7.98061e-13 6.23551e-13 9.7966e-13 7.90692e-13 2.00779e-11 2.05595e-11 2.0265e-11 1.58337e-11 2.48763e-11
4.46684 5.6672e-13 5.57395e-13 4.21334e-13 7.06248e-13 5.49957e-13 1.75808e-11 1.81167e-11 1.78186e-11 1.3469e-11 2.25771e-11
5.01187 3.95043e-13 3.85291e-13 2.84986e-13 5.0361e-13 3.80573e-13 1.53161e-11 1.58984e-11 1.5506e-11 1.14692e-11 2.02677e-11
5.62341 2.74265e-13 2.64642e-13 1.91813e-13 3.55085e-13 2.6202e-13 1.32753e-11 1.38957e-11 1.34081e-11 9.71823e-12 1.79905e-11
6.30957 1.89667e-13 1.80388e-13 1.27706e-13 2.52014e-13 1.79481e-13 1.1448e-11 1.20977e-11 1.15058e-11 8.14556e-12 1.60744e-11
7.07946 1.30662e-13 1.22931e-13 8.41876e-14 1.76296e-13 1.22318e-13 9.82203e-12 1.0492e-11 9.87126e-12 6.76019e-12 1.41564e-11
7.94328 8.96781e-14 8.35536e-14 5.55547e-14 1.22819e-13 8.29373e-14 8.38418e-12 9.06561e-12 8.44647e-12 5.61605e-12 1.24159e-11
8.91251 6.13274e-14 5.60593e-14 3.64078e-14 8.56539e-14 5.59496e-14 7.12044e-12 7.80485e-12 7.13441e-12 4.63346e-12 1.09008e-11
10 4.17925e-14 3.7731e-14 2.37862e-14 5.98886e-14 3.75518e-14 6.01646e-12 6.6959e-12 6.04517e-12 3.81097e-12 9.59521e-12
11.2202 2.83837e-14 2.53125e-14 1.54381e-14 4.17518e-14 2.50757e-14 5.05782e-12 5.72506e-12 5.10558e-12 3.1139e-12 8.42143e-12
12.5893 1.9214e-14 1.6896e-14 9.93181e-15 2.88499e-14 1.66595e-14 4.23031e-12 4.87896e-12 4.29036e-12 2.52196e-12 7.32579e-12
14.1254 1.29656e-14 1.11276e-14 6.34156e-15 1.96312e-14 1.10118e-14 3.52021e-12 4.1448e-12 3.55724e-12 2.02725e-12 6.27564e-12
15.8489 8.72267e-15 7.34681e-15 4.01427e-15 1.34179e-14 7.24174e-15 2.91443e-12 3.51043e-12 2.95671e-12 1.61554e-12 5.4e-12
17.7828 5.85114e-15 4.79061e-15 2.54629e-15 9.0945e-15 4.73821e-15 2.40063e-12 2.96449e-12 2.42718e-12 1.29009e-12 4.60775e-12
19.9526 3.91398e-15 3.13288e-15 1.59863e-15 6.13994e-15 3.08442e-15 1.96736e-12 2.49649e-12 1.99827e-12 1.01967e-12 3.91629e-12
22.3872 2.6112e-15 2.03856e-15 9.91539e-16 4.12503e-15 1.99766e-15 1.6041e-12 2.09677e-12 1.63694e-12 7.96196e-13 3.31236e-12
25.1189 1.73764e-15 1.30706e-15 6.1637e-16 2.77296e-15 1.28723e-15 1.30126e-12 1.75659e-12 1.32131e-12 6.23092e-13 2.8032e-12
28.1838 1.15353e-15 8.40594e-16 3.78302e-16 1.85231e-15 8.25233e-16 1.05024e-12 1.46805e-12 1.06979e-12 4.81448e-13 2.35736e-12
31.6228 7.64027e-16 5.34879e-16 2.29547e-16 1.23488e-15 5.26364e-16 8.43327e-13 1.22411e-12 8.56971e-13 3.67774e-13 1.97849e-12
35.4813 5.0495e-16 3.38332e-16 1.38385e-16 8.12948e-16 3.34028e-16 6.73741e-13 1.0185e-12 6.82423e-13 2.79126e-13 1.63973e-12
39.8107 3.33046e-16 2.12311e-16 8.34238e-17 5.33301e-16 2.10895e-16 5.35522e-13 8.45697e-13 5.39116e-13 2.11836e-13 1.3542e-12
44.6684 2.19245e-16 1.33099e-16 5.07243e-17 3.53131e-16 1.32476e-16 4.23496e-13 7.00874e-13 4.25486e-13 1.62153e-13 1.12888e-12
50.1187 1.44071e-16 8.36408e-17 3.01358e-17 2.33142e-16 8.27938e-17 3.33202e-13 5.79812e-13 3.36611e-13 1.21281e-13 9.38276e-13
56.2341 9.45143e-17 5.19468e-17 1.77696e-17 1.53826e-16 5.14807e-17 2.60828e-13 4.78859e-13 2.6319e-13 9.00299e-14 7.79363e-13
63.0957 6.19073e-17 3.21394e-17 1.04537e-17 1.00315e-16 3.18478e-17 2.03137e-13 3.94868e-13 2.04997e-13 6.66778e-14 6.39849e-13
70.7946 4.04911e-17 1.97262e-17 6.06076e-18 6.49689e-17 1.9602e-17 1.57402e-13 3.25139e-13 1.58399e-13 4.86674e-14 5.21694e-13
79.4328 2.64482e-17 1.21224e-17 3.49689e-18 4.19303e-17 1.20036e-17 1.21345e-13 2.67366e-13 1.22546e-13 3.53502e-14 4.23876e-13
89.1251 1.72544e-17 7.41294e-18 1.99587e-18 2.68227e-17 7.31319e-18 9.30716e-14 2.19588e-13 9.43411e-14 2.54005e-14 3.4136e-13
100 1.12437e-17 4.52163e-18 1.13414e-18 1.7277e-17 4.43293e-18 7.10234e-14 1.80144e-13 7.24446e-14 1.81709e-14 2.76807e-13
