results/errorbands/sed_hess.ecsv
# %ECSV 0.9
# ---
# datatype:
# - {name: energy, unit: TeV, datatype: float64, format: 3g}
# - {name: dnde_mean, unit: 1 / (cm2 s TeV), datatype: float64, format: 3g}
# - {name: dnde_median, unit: 1 / (cm2 s TeV), datatype: float64, format: 3g}
# - {name: dnde_lo, unit: 1 / (cm2 s TeV), datatype: float64, format: 3g}
# - {name: dnde_hi, unit: 1 / (cm2 s TeV), datatype: float64, format: 3g}
# - {name: dnde_fit, unit: 1 / (cm2 s TeV), datatype: float64, format: 3g}
# - {name: e2dnde_fit, unit: erg / (cm2 s), datatype: float64, format: 3g}
# - {name: e2dnde_mean, unit: erg / (cm2 s), datatype: float64, format: 3g}
# - {name: e2dnde_median, unit: erg / (cm2 s), datatype: float64, format: 3g}
# - {name: e2dnde_lo, unit: erg / (cm2 s), datatype: float64, format: 3g}
# - {name: e2dnde_hi, unit: erg / (cm2 s), datatype: float64, format: 3g}
# schema: astropy-2.0
energy dnde_mean dnde_median dnde_lo dnde_hi dnde_fit e2dnde_fit e2dnde_mean e2dnde_median e2dnde_lo e2dnde_hi
0.01 2.42461e-06 9.1893e-08 5.852e-09 1.38375e-06 8.88835e-08 1.42407e-11 3.88466e-10 1.47229e-11 9.37595e-13 2.21701e-10
0.0112202 1.72186e-06 8.23491e-08 5.8944e-09 1.10366e-06 7.99157e-08 1.61192e-11 3.47303e-10 1.661e-11 1.18891e-12 2.22611e-10
0.0125893 1.23002e-06 7.36709e-08 5.91622e-09 8.84715e-07 7.15457e-08 1.81674e-11 3.12336e-10 1.87071e-11 1.50229e-12 2.24654e-10
0.0141254 8.83869e-07 6.57562e-08 5.86967e-09 7.03988e-07 6.37786e-08 2.03885e-11 2.82552e-10 2.10207e-11 1.87639e-12 2.25048e-10
0.0158489 6.38888e-07 5.84361e-08 5.78434e-09 5.55932e-07 5.66118e-08 2.27834e-11 2.57119e-10 2.35175e-11 2.3279e-12 2.23734e-10
0.0177828 4.64522e-07 5.12828e-08 5.66276e-09 4.4124e-07 5.00357e-08 2.53507e-11 2.35352e-10 2.59826e-11 2.86905e-12 2.23556e-10
0.0199526 3.39711e-07 4.51054e-08 5.50803e-09 3.48395e-07 4.40344e-08 2.80868e-11 2.16681e-10 2.87699e-11 3.51323e-12 2.2222e-10
0.0223872 2.4986e-07 3.93144e-08 5.39488e-09 2.74861e-07 3.85874e-08 3.09853e-11 2.00635e-10 3.15691e-11 4.33203e-12 2.20711e-10
0.0251189 1.84808e-07 3.4164e-08 5.25052e-09 2.16999e-07 3.36697e-08 3.40369e-11 1.86823e-10 3.45366e-11 5.30778e-12 2.19366e-10
0.0281838 1.37442e-07 2.98026e-08 5.06599e-09 1.7149e-07 2.92532e-08 3.72292e-11 1.74916e-10 3.79284e-11 6.44725e-12 2.18248e-10
0.0316228 1.0276e-07 2.60448e-08 4.80905e-09 1.35672e-07 2.53074e-08 4.05469e-11 1.6464e-10 4.17283e-11 7.70495e-12 2.17371e-10
0.0354813 7.72242e-08 2.24523e-08 4.50241e-09 1.07123e-07 2.18003e-08 4.39716e-11 1.55763e-10 4.52867e-11 9.08146e-12 2.1607e-10
0.0398107 5.83189e-08 1.92439e-08 4.21962e-09 8.38966e-08 1.86989e-08 4.74818e-11 1.48088e-10 4.88657e-11 1.07148e-11 2.13037e-10
0.0446684 4.42474e-08 1.6289e-08 3.91899e-09 6.61256e-08 1.59703e-08 5.10531e-11 1.41448e-10 5.20722e-11 1.25281e-11 2.11388e-10
0.0501187 3.37189e-08 1.38614e-08 3.60378e-09 5.2216e-08 1.35815e-08 5.46585e-11 1.35701e-10 5.57852e-11 1.45034e-11 2.10143e-10
0.0562341 2.58014e-08 1.17718e-08 3.26353e-09 4.04513e-08 1.15007e-08 5.82685e-11 1.30723e-10 5.96421e-11 1.65348e-11 2.04948e-10
0.0630957 1.98181e-08 9.958e-09 2.97062e-09 3.18357e-08 9.69705e-09 6.18515e-11 1.26407e-10 6.35159e-11 1.89477e-11 2.0306e-10
0.0707946 1.52753e-08 8.39227e-09 2.70677e-09 2.48619e-08 8.14135e-09 6.53742e-11 1.22659e-10 6.73892e-11 2.17351e-11 1.99639e-10
0.0794328 1.18108e-08 7.03319e-09 2.43461e-09 1.94205e-08 6.80602e-09 6.88024e-11 1.19396e-10 7.10989e-11 2.46116e-11 1.96323e-10
0.0891251 9.15755e-09 5.79703e-09 2.1756e-09 1.51694e-08 5.6654e-09 7.2101e-11 1.16544e-10 7.37761e-11 2.76879e-11 1.93054e-10
0.1 7.11758e-09 4.80445e-09 1.94168e-09 1.17312e-08 4.69579e-09 7.52348e-11 1.14036e-10 7.69757e-11 3.11092e-11 1.87955e-10
0.112202 5.54345e-09 3.95475e-09 1.715e-09 9.03745e-09 3.87549e-09 7.81694e-11 1.11812e-10 7.97681e-11 3.45919e-11 1.82287e-10
0.125893 4.32474e-09 3.23471e-09 1.50852e-09 6.95912e-09 3.18482e-09 8.08714e-11 1.09817e-10 8.21382e-11 3.83056e-11 1.76711e-10
0.141254 3.37839e-09 2.65205e-09 1.30385e-09 5.41782e-09 2.60605e-09 8.33094e-11 1.07999e-10 8.47797e-11 4.16808e-11 1.73195e-10
0.158489 2.64161e-09 2.16167e-09 1.11822e-09 4.17654e-09 2.12335e-09 8.54541e-11 1.06311e-10 8.69962e-11 4.50026e-11 1.68084e-10
0.177828 2.0667e-09 1.74793e-09 9.57854e-10 3.21107e-09 1.72267e-09 8.72795e-11 1.0471e-10 8.85592e-11 4.85299e-11 1.6269e-10
0.199526 1.61724e-09 1.41089e-09 8.15628e-10 2.43758e-09 1.39162e-09 8.8763e-11 1.03154e-10 8.99921e-11 5.20239e-11 1.55478e-10
0.223872 1.26534e-09 1.12614e-09 6.88704e-10 1.85025e-09 1.11939e-09 8.9886e-11 1.01605e-10 9.04278e-11 5.53023e-11 1.48574e-10
0.251189 9.89512e-10 9.00033e-10 5.7671e-10 1.39474e-09 8.96566e-10 9.06343e-11 1.0003e-10 9.09848e-11 5.82999e-11 1.40995e-10
0.281838 7.73165e-10 7.19661e-10 4.80476e-10 1.05787e-09 7.15028e-10 9.09984e-11 9.83971e-11 9.15879e-11 6.1148e-11 1.3463e-10
0.316228 6.03417e-10 5.7098e-10 3.97859e-10 8.0636e-10 5.67812e-10 9.09735e-11 9.6678e-11 9.14811e-11 6.3744e-11 1.29193e-10
0.354813 4.70241e-10 4.51975e-10 3.2923e-10 6.11916e-10 4.48979e-10 9.056e-11 9.48485e-11 9.11643e-11 6.64063e-11 1.23425e-10
0.398107 3.65805e-10 3.57554e-10 2.70755e-10 4.59588e-10 3.53499e-10 8.97632e-11 9.28882e-11 9.07929e-11 6.87523e-11 1.16702e-10
0.446684 2.83977e-10 2.80707e-10 2.19405e-10 3.47637e-10 2.77134e-10 8.85932e-11 9.07808e-11 8.97353e-11 7.01384e-11 1.11131e-10
0.501187 2.19939e-10 2.18809e-10 1.77872e-10 2.5941e-10 2.16338e-10 8.70649e-11 8.85142e-11 8.80593e-11 7.15841e-11 1.04399e-10
0.562341 1.69901e-10 1.69419e-10 1.42444e-10 1.95288e-10 1.68157e-10 8.51973e-11 8.6081e-11 8.58368e-11 7.21694e-11 9.8943e-11
0.630957 1.30877e-10 1.30313e-10 1.13834e-10 1.48099e-10 1.30148e-10 8.30136e-11 8.34785e-11 8.31184e-11 7.26075e-11 9.44633e-11
0.707946 1.0051e-10 1.00319e-10 8.94304e-11 1.11583e-10 1.003e-10 8.05402e-11 8.07084e-11 8.05548e-11 7.18118e-11 8.95997e-11
0.794328 7.6938e-11 7.68469e-11 7.00763e-11 8.34044e-11 7.69673e-11 7.78067e-11 7.7777e-11 7.76849e-11 7.08405e-11 8.43139e-11
0.891251 5.86925e-11 5.86583e-11 5.46562e-11 6.24462e-11 5.88099e-11 7.48447e-11 7.46953e-11 7.46518e-11 6.95585e-11 7.94724e-11
1 4.46129e-11 4.46578e-11 4.2281e-11 4.69356e-11 4.47441e-11 7.16879e-11 7.14778e-11 7.15498e-11 6.77416e-11 7.51991e-11
1.12202 3.37839e-11 3.37788e-11 3.22049e-11 3.54397e-11 3.38969e-11 6.83708e-11 6.81429e-11 6.81324e-11 6.49579e-11 7.14825e-11
1.25893 2.54845e-11 2.5486e-11 2.43073e-11 2.67142e-11 2.55697e-11 6.49286e-11 6.47122e-11 6.47161e-11 6.17229e-11 6.78349e-11
1.41254 1.91474e-11 1.91412e-11 1.82134e-11 2.01118e-11 1.92058e-11 6.13963e-11 6.12095e-11 6.11898e-11 5.82239e-11 6.42927e-11
1.58489 1.43275e-11 1.43086e-11 1.35429e-11 1.50931e-11 1.43641e-11 5.7808e-11 5.76606e-11 5.75848e-11 5.45034e-11 6.0742e-11
1.77828 1.06764e-11 1.06533e-11 1.00488e-11 1.13226e-11 1.06971e-11 5.41969e-11 5.40922e-11 5.3975e-11 5.09123e-11 5.73662e-11
1.99526 7.92232e-12 7.88994e-12 7.40721e-12 8.46297e-12 7.93215e-12 5.05943e-11 5.05315e-11 5.0325e-11 4.7246e-11 5.398e-11
2.23872 5.85378e-12 5.84227e-12 5.42326e-12 6.28223e-12 5.85677e-12 4.70293e-11 4.70053e-11 4.69129e-11 4.35482e-11 5.04457e-11
2.51189 4.30695e-12 4.28841e-12 3.9775e-12 4.63922e-12 4.30592e-12 4.35287e-11 4.35392e-11 4.33517e-11 4.02088e-11 4.68981e-11
2.81838 3.1554e-12 3.15265e-12 2.9074e-12 3.39793e-12 3.1522e-12 4.01166e-11 4.01573e-11 4.01224e-11 3.70011e-11 4.32439e-11
3.16228 2.30197e-12 2.30632e-12 2.11396e-12 2.48401e-12 2.29774e-12 3.68139e-11 3.68816e-11 3.69514e-11 3.38694e-11 3.97981e-11
3.54813 1.67233e-12 1.67483e-12 1.52369e-12 1.80676e-12 1.66775e-12 3.36388e-11 3.37312e-11 3.37816e-11 3.07331e-11 3.64428e-11
3.98107 1.2099e-12 1.2106e-12 1.10507e-12 1.30933e-12 1.20531e-12 3.06062e-11 3.07227e-11 3.07406e-11 2.80608e-11 3.32476e-11
4.46684 8.71798e-13 8.72056e-13 7.92601e-13 9.50069e-13 8.67378e-13 2.7728e-11 2.78693e-11 2.78776e-11 2.53376e-11 3.03715e-11
5.01187 6.25697e-13 6.28117e-13 5.63786e-13 6.84853e-13 6.21524e-13 2.50131e-11 2.51811e-11 2.52785e-11 2.26895e-11 2.75618e-11
5.62341 4.47348e-13 4.49562e-13 3.96866e-13 4.96796e-13 4.43453e-13 2.24677e-11 2.2665e-11 2.27772e-11 2.01073e-11 2.51703e-11
6.30957 3.18654e-13 3.18136e-13 2.77413e-13 3.584e-13 3.15049e-13 2.0095e-11 2.03249e-11 2.02919e-11 1.76945e-11 2.28601e-11
7.07946 2.26178e-13 2.24726e-13 1.92839e-13 2.57839e-13 2.22868e-13 1.78961e-11 1.81619e-11 1.80452e-11 1.54848e-11 2.07043e-11
7.94328 1.59999e-13 1.58555e-13 1.33721e-13 1.86804e-13 1.56986e-13 1.58697e-11 1.61744e-11 1.60284e-11 1.35179e-11 1.88841e-11
8.91251 1.12824e-13 1.11163e-13 9.22719e-14 1.33952e-13 1.10106e-13 1.40127e-11 1.43586e-11 1.41472e-11 1.1743e-11 1.70475e-11
10 7.93217e-14 7.74526e-14 6.2445e-14 9.64328e-14 7.68958e-14 1.23201e-11 1.27087e-11 1.24093e-11 1.00048e-11 1.54502e-11
11.2202 5.56145e-14 5.37013e-14 4.24245e-14 6.93546e-14 5.3473e-14 1.07856e-11 1.12176e-11 1.08317e-11 8.5571e-12 1.3989e-11
12.5893 3.8895e-14 3.70801e-14 2.83217e-14 5.01003e-14 3.7026e-14 9.40194e-12 9.87653e-12 9.41567e-12 7.19166e-12 1.27219e-11
14.1254 2.71406e-14 2.54519e-14 1.86963e-14 3.59354e-14 2.55282e-14 8.16075e-12 8.67621e-12 8.13635e-12 5.97677e-12 1.14877e-11
15.8489 1.89009e-14 1.74746e-14 1.23679e-14 2.57178e-14 1.75256e-14 7.05315e-12 7.60665e-12 7.03263e-12 4.97746e-12 1.03501e-11
17.7828 1.31403e-14 1.20253e-14 8.06484e-15 1.86912e-14 1.19803e-14 6.06983e-12 6.65759e-12 6.09263e-12 4.08608e-12 9.46997e-12
19.9526 9.12256e-15 8.17764e-15 5.27648e-15 1.34686e-14 8.15455e-15 5.20128e-12 5.81872e-12 5.21601e-12 3.36554e-12 8.59081e-12
22.3872 6.32624e-15 5.48833e-15 3.41289e-15 9.56961e-15 5.5268e-15 4.43797e-12 5.07991e-12 4.40708e-12 2.74052e-12 7.68431e-12
25.1189 4.38357e-15 3.67555e-15 2.197e-15 6.73842e-15 3.72983e-15 3.7705e-12 4.43137e-12 3.71563e-12 2.22096e-12 6.8119e-12
28.1838 3.03598e-15 2.46246e-15 1.40681e-15 4.81635e-15 2.50636e-15 3.18973e-12 3.86375e-12 3.13386e-12 1.79039e-12 6.12955e-12
31.6228 2.10232e-15 1.64472e-15 8.90814e-16 3.42257e-15 1.67702e-15 2.68688e-12 3.36829e-12 2.63514e-12 1.42724e-12 5.48357e-12
35.4813 1.45601e-15 1.09473e-15 5.54669e-16 2.4304e-15 1.11731e-15 2.25364e-12 2.93681e-12 2.2081e-12 1.11878e-12 4.90216e-12
39.8107 1.00887e-15 7.26313e-16 3.43644e-16 1.7257e-15 7.41225e-16 1.88218e-12 2.56181e-12 1.84431e-12 8.72609e-13 4.38204e-12
44.6684 6.99598e-16 4.77929e-16 2.13508e-16 1.22163e-15 4.89628e-16 1.56522e-12 2.23645e-12 1.52783e-12 6.82533e-13 3.90525e-12
50.1187 4.85662e-16 3.14606e-16 1.32125e-16 8.56349e-16 3.2205e-16 1.29608e-12 1.95454e-12 1.26613e-12 5.31733e-13 3.44636e-12
56.2341 3.37617e-16 2.06808e-16 8.18666e-17 6.08606e-16 2.10921e-16 1.06864e-12 1.71054e-12 1.0478e-12 4.14779e-13 3.08352e-12
63.0957 2.35094e-16 1.34808e-16 4.99889e-17 4.25833e-16 1.37549e-16 8.77339e-13 1.49952e-12 8.59857e-13 3.18848e-13 2.71612e-12
70.7946 1.64023e-16 8.7863e-17 3.02094e-17 2.94804e-16 8.93171e-17 7.17208e-13 1.31709e-12 7.05532e-13 2.42579e-13 2.36725e-12
79.4328 1.14691e-16 5.71358e-17 1.81308e-17 2.04227e-16 5.77501e-17 5.83799e-13 1.15942e-12 5.77589e-13 1.83285e-13 2.06455e-12
89.1251 8.03931e-17 3.69723e-17 1.09435e-17 1.42001e-16 3.71801e-17 4.73175e-13 1.02313e-12 4.70529e-13 1.39273e-13 1.80718e-12
100 5.65028e-17 2.40399e-17 6.57256e-18 9.85334e-17 2.38347e-17 3.81874e-13 9.05275e-13 3.85161e-13 1.05304e-13 1.57868e-12
